Latency Constraint 16
0 1 1 1 2
1 1 1 1 2
2 3 3 3 0
3 4 4 4 0
4 5 5 5 0
5 6 6 6 5
6 12 12 12 3
7 8 8 8 2
8 7 7 7 2
9 6 6 6 0
10 10 10 10 0
11 11 11 11 0
12 12 12 12 5
13 13 13 13 2
14 10 10 10 2
15 13 13 13 0
16 16 16 16 6
17 7 7 7 2
18 1 1 1 2
19 3 3 3 0
20 4 4 4 0
21 10 10 10 0
22 11 11 11 5
23 13 13 13 2
24 10 10 10 2
25 15 15 15 0
26 16 16 16 6
27 6 6 6 2
28 3 3 3 2
29 5 5 5 0
30 6 6 6 0
31 9 9 9 0
32 10 10 10 5
33 13 13 13 2
34 11 11 11 2
35 14 14 14 0
36 16 16 16 6
37 4 4 4 2
38 5 5 5 2
39 7 7 7 0
40 8 8 8 0
41 9 9 9 0
42 14 14 14 5
43 4 4 4 2
44 12 12 12 0
45 15 15 15 6
46 1 1 1 0
47 2 2 2 0
48 3 3 3 5
49 1 1 1 0
50 2 2 2 0
51 4 4 4 5
52 5 5 5 7
