Latency Constraint 33
0 4 4 4 2
1 7 7 7 2
2 5 5 5 0
3 17 17 17 0
4 18 18 18 0
5 19 19 19 5
6 28 28 28 3
7 21 21 21 2
8 20 20 20 2
9 6 6 6 0
10 26 26 26 0
11 27 27 27 0
12 28 28 28 5
13 29 29 29 2
14 26 26 26 2
15 30 30 30 0
16 33 33 33 6
17 18 18 18 2
18 17 17 17 2
19 7 7 7 0
20 20 20 20 0
21 21 21 21 0
22 22 22 22 5
23 30 30 30 2
24 1 1 1 2
25 31 31 31 0
26 33 33 33 6
27 11 11 11 2
28 10 10 10 2
29 8 8 8 0
30 14 14 14 0
31 19 19 19 0
32 24 24 24 5
33 29 29 29 2
34 23 23 23 2
35 28 28 28 0
36 32 32 32 6
37 14 14 14 2
38 1 1 1 2
39 9 9 9 0
40 22 22 22 0
41 23 23 23 0
42 29 29 29 5
43 26 26 26 2
44 29 29 29 0
45 30 30 30 6
46 1 1 1 0
47 4 4 4 0
48 5 5 5 5
49 2 2 2 0
50 3 3 3 0
51 4 4 4 5
52 6 6 6 7
