Latency Constraint 39
0 1 1 1 0
1 2 2 2 2
2 5 5 5 0
3 6 6 6 5
4 1 1 1 0
5 2 2 2 2
6 5 5 5 0
7 6 6 6 5
8 2 2 2 0
9 3 3 3 2
10 6 6 6 0
11 7 7 7 5
12 3 3 3 0
13 4 4 4 2
14 7 7 7 0
15 8 8 8 5
16 1 1 1 2
17 4 4 4 0
18 5 5 5 5
19 7 7 7 2
20 1 1 1 2
21 4 4 4 0
22 5 5 5 5
23 7 7 7 2
24 10 10 10 0
25 1 1 1 2
26 6 6 6 0
27 7 7 7 5
28 8 8 8 2
29 11 11 11 0
30 4 4 4 2
31 7 7 7 0
32 8 8 8 5
33 9 9 9 2
34 12 12 12 0
35 2 2 2 0
36 5 5 5 2
37 8 8 8 0
38 13 13 13 6
39 27 27 27 2
40 30 30 30 0
41 31 31 31 5
42 32 32 32 2
43 12 12 12 2
44 15 15 15 0
45 27 27 27 5
46 29 29 29 2
47 36 36 36 0
48 15 15 15 2
49 22 22 22 0
50 28 28 28 5
51 33 33 33 2
52 37 37 37 0
53 30 30 30 2
54 33 33 33 0
55 34 34 34 5
56 35 35 35 2
57 38 38 38 0
58 34 34 34 0
59 35 35 35 2
60 38 38 38 0
61 39 39 39 6
62 11 11 11 2
63 14 14 14 0
64 15 15 15 5
65 20 20 20 2
66 14 14 14 2
67 17 17 17 0
68 18 18 18 5
69 19 19 19 2
70 23 23 23 0
71 18 18 18 2
72 21 21 21 0
73 26 26 26 5
74 31 31 31 2
75 34 34 34 0
76 24 24 24 2
77 27 27 27 0
78 30 30 30 5
79 32 32 32 2
80 35 35 35 0
81 13 13 13 0
82 21 21 21 2
83 32 32 32 0
84 36 36 36 6
85 16 16 16 2
86 19 19 19 0
87 21 21 21 5
88 23 23 23 2
89 10 10 10 2
90 19 19 19 0
91 20 20 20 5
92 26 26 26 2
93 29 29 29 0
94 13 13 13 2
95 16 16 16 0
96 17 17 17 5
97 25 25 25 2
98 30 30 30 0
99 17 17 17 2
100 24 24 24 0
101 25 25 25 5
102 28 28 28 2
103 31 31 31 0
104 20 20 20 0
105 22 22 22 2
106 26 26 26 0
107 32 32 32 6
108 39 39 39 0
