Latency Constraint 30
0 28 28 28 2
1 12 12 12 2
2 8 8 8 2
3 6 6 6 0
4 10 10 10 5
5 14 14 14 0
6 15 15 15 0
7 16 16 16 5
8 12 12 12 2
9 9 9 9 2
10 8 8 8 0
11 11 11 11 5
12 12 12 12 0
13 15 15 15 0
14 16 16 16 5
15 17 17 17 6
16 18 18 18 2
17 9 9 9 2
18 5 5 5 2
19 7 7 7 0
20 8 8 8 5
21 9 9 9 0
22 12 12 12 0
23 13 13 13 5
24 4 4 4 2
25 5 5 5 2
26 3 3 3 0
27 7 7 7 5
28 11 11 11 0
29 12 12 12 0
30 13 13 13 5
31 14 14 14 6
32 15 15 15 2
33 16 16 16 0
34 17 17 17 5
35 21 21 21 2
36 16 16 16 0
37 17 17 17 5
38 19 19 19 2
39 24 24 24 6
40 25 25 25 2
41 28 28 28 2
42 17 17 17 0
43 18 18 18 5
44 19 19 19 2
45 19 19 19 0
46 20 20 20 5
47 23 23 23 2
48 26 26 26 6
49 27 27 27 2
50 1 1 1 2
51 1 1 1 2
52 1 1 1 0
53 2 2 2 5
54 4 4 4 0
55 5 5 5 0
56 6 6 6 5
57 1 1 1 2
58 1 1 1 2
59 1 1 1 0
60 2 2 2 5
61 4 4 4 0
62 5 5 5 0
63 6 6 6 5
64 7 7 7 6
65 8 8 8 2
66 2 2 2 2
67 1 1 1 2
68 2 2 2 0
69 3 3 3 5
70 4 4 4 0
71 5 5 5 0
72 6 6 6 5
73 1 1 1 2
74 1 1 1 2
75 1 1 1 0
76 3 3 3 5
77 4 4 4 0
78 5 5 5 0
79 6 6 6 5
80 7 7 7 6
81 8 8 8 2
82 6 6 6 0
83 9 9 9 5
84 11 11 11 2
85 7 7 7 0
86 8 8 8 5
87 11 11 11 2
88 14 14 14 6
89 15 15 15 2
90 28 28 28 2
91 20 20 20 0
92 21 21 21 5
93 22 22 22 2
94 2 2 2 0
95 4 4 4 5
96 14 14 14 2
97 25 25 25 6
98 26 26 26 2
99 11 11 11 2
100 7 7 7 2
101 11 11 11 0
102 12 12 12 5
103 13 13 13 0
104 14 14 14 0
105 15 15 15 5
106 10 10 10 2
107 7 7 7 2
108 2 2 2 0
109 4 4 4 5
110 10 10 10 0
111 14 14 14 0
112 15 15 15 5
113 16 16 16 6
114 17 17 17 2
115 4 4 4 2
116 4 4 4 2
117 1 1 1 0
118 5 5 5 5
119 7 7 7 0
120 8 8 8 0
121 11 11 11 5
122 8 8 8 2
123 4 4 4 2
124 3 3 3 0
125 4 4 4 5
126 10 10 10 0
127 11 11 11 0
128 12 12 12 5
129 13 13 13 6
130 14 14 14 2
131 17 17 17 0
132 19 19 19 5
133 20 20 20 2
134 10 10 10 0
135 13 13 13 5
136 17 17 17 2
137 23 23 23 6
138 25 25 25 2
139 28 28 28 2
140 18 18 18 0
141 19 19 19 5
142 20 20 20 2
143 18 18 18 0
144 19 19 19 5
145 20 20 20 2
146 23 23 23 6
147 24 24 24 2
148 7 7 7 2
149 5 5 5 2
150 6 6 6 0
151 7 7 7 5
152 8 8 8 0
153 13 13 13 0
154 14 14 14 5
155 12 12 12 2
156 11 11 11 2
157 3 3 3 0
158 5 5 5 5
159 14 14 14 0
160 15 15 15 0
161 16 16 16 5
162 17 17 17 6
163 18 18 18 2
164 6 6 6 2
165 4 4 4 2
166 6 6 6 0
167 7 7 7 5
168 8 8 8 0
169 9 9 9 0
170 10 10 10 5
171 7 7 7 2
172 2 2 2 2
173 3 3 3 0
174 5 5 5 5
175 9 9 9 0
176 10 10 10 0
177 11 11 11 5
178 12 12 12 6
179 13 13 13 2
180 9 9 9 0
181 14 14 14 5
182 21 21 21 2
183 7 7 7 0
184 9 9 9 5
185 16 16 16 2
186 24 24 24 6
187 25 25 25 2
188 28 28 28 2
189 20 20 20 0
190 21 21 21 5
191 22 22 22 2
192 21 21 21 0
193 22 22 22 5
194 23 23 23 2
195 27 27 27 6
196 28 28 28 2
