Latency Constraint 60
0 45 45 45 2
1 2 2 2 2
2 1 1 1 2
3 1 1 1 0
4 2 2 2 5
5 4 4 4 0
6 5 5 5 0
7 6 6 6 5
8 2 2 2 2
9 1 1 1 2
10 2 2 2 0
11 3 3 3 5
12 4 4 4 0
13 5 5 5 0
14 6 6 6 5
15 7 7 7 6
16 8 8 8 2
17 2 2 2 2
18 1 1 1 2
19 1 1 1 0
20 2 2 2 5
21 4 4 4 0
22 5 5 5 0
23 6 6 6 5
24 2 2 2 2
25 1 1 1 2
26 2 2 2 0
27 3 3 3 5
28 4 4 4 0
29 5 5 5 0
30 6 6 6 5
31 7 7 7 6
32 8 8 8 2
33 6 6 6 0
34 9 9 9 5
35 11 11 11 2
36 3 3 3 0
37 4 4 4 5
38 11 11 11 2
39 14 14 14 6
40 35 35 35 2
41 39 39 39 2
42 9 9 9 0
43 13 13 13 5
44 26 26 26 2
45 20 20 20 0
46 24 24 24 5
47 27 27 27 2
48 30 30 30 6
49 32 32 32 2
50 42 42 42 2
51 20 20 20 2
52 11 11 11 0
53 12 12 12 5
54 35 35 35 0
55 45 45 45 0
56 46 46 46 5
57 36 36 36 2
58 14 14 14 2
59 19 19 19 0
60 23 23 23 5
61 39 39 39 0
62 42 42 42 0
63 45 45 45 5
64 47 47 47 6
65 48 48 48 2
66 12 12 12 2
67 5 5 5 2
68 12 12 12 0
69 16 16 16 5
70 18 18 18 0
71 21 21 21 0
72 22 22 22 5
73 17 17 17 2
74 14 14 14 2
75 13 13 13 0
76 14 14 14 5
77 17 17 17 0
78 20 20 20 0
79 21 21 21 5
80 23 23 23 6
81 24 24 24 2
82 46 46 46 0
83 47 47 47 5
84 51 51 51 2
85 32 32 32 0
86 44 44 44 5
87 45 45 45 2
88 54 54 54 6
89 55 55 55 2
90 58 58 58 2
91 28 28 28 0
92 29 29 29 5
93 33 33 33 2
94 47 47 47 0
95 50 50 50 5
96 51 51 51 2
97 56 56 56 6
98 57 57 57 2
99 23 23 23 2
100 26 26 26 2
101 37 37 37 0
102 38 38 38 5
103 39 39 39 0
104 40 40 40 0
105 41 41 41 5
106 29 29 29 2
107 17 17 17 2
108 36 36 36 0
109 37 37 37 5
110 38 38 38 0
111 40 40 40 0
112 41 41 41 5
113 42 42 42 6
114 43 43 43 2
115 30 30 30 2
116 5 5 5 2
117 14 14 14 0
118 15 15 15 5
119 23 23 23 0
120 33 33 33 0
121 36 36 36 5
122 23 23 23 2
123 9 9 9 2
124 15 15 15 0
125 30 30 30 5
126 31 31 31 0
127 32 32 32 0
128 33 33 33 5
129 37 37 37 6
130 38 38 38 2
131 38 38 38 0
132 39 39 39 5
133 50 50 50 2
134 31 31 31 0
135 34 34 34 5
136 41 41 41 2
137 53 53 53 6
138 54 54 54 2
139 58 58 58 2
140 16 16 16 0
141 17 17 17 5
142 42 42 42 2
143 50 50 50 0
144 51 51 51 5
145 54 54 54 2
146 57 57 57 6
147 58 58 58 2
148 4 4 4 2
149 21 21 21 2
150 10 10 10 0
151 11 11 11 5
152 24 24 24 0
153 25 25 25 0
154 26 26 26 5
155 7 7 7 2
156 10 10 10 2
157 7 7 7 0
158 8 8 8 5
159 22 22 22 0
160 25 25 25 0
161 26 26 26 5
162 27 27 27 6
163 30 30 30 2
164 18 18 18 2
165 15 15 15 2
166 8 8 8 0
167 10 10 10 5
168 18 18 18 0
169 22 22 22 0
170 25 25 25 5
171 20 20 20 2
172 6 6 6 2
173 17 17 17 0
174 20 20 20 5
175 21 21 21 0
176 23 23 23 0
177 24 24 24 5
178 26 26 26 6
179 27 27 27 2
180 29 29 29 0
181 33 33 33 5
182 36 36 36 2
183 34 34 34 0
184 35 35 35 5
185 36 36 36 2
186 44 44 44 6
187 45 45 45 2
188 48 48 48 2
189 30 30 30 0
190 31 31 31 5
191 33 33 33 2
192 6 6 6 0
193 7 7 7 5
194 33 33 33 2
195 36 36 36 6
196 39 39 39 2
