Latency Constraint 30
0 1 1 1 2
1 4 4 4 0
2 2 2 2 0
3 3 3 3 5
4 1 1 1 0
5 2 2 2 5
6 4 4 4 2
7 7 7 7 0
8 1 1 1 0
9 3 3 3 6
10 12 12 12 0
11 13 13 13 6
12 14 14 14 1
13 2 2 2 0
14 15 15 15 6
15 28 28 28 3
16 29 29 29 1
17 28 28 28 0
18 30 30 30 6
19 8 8 8 3
20 12 12 12 1
21 4 4 4 0
22 14 14 14 6
23 12 12 12 3
24 13 13 13 1
25 5 5 5 0
26 18 18 18 6
27 20 20 20 1
28 10 10 10 0
29 21 21 21 6
30 13 13 13 3
31 17 17 17 1
32 6 6 6 0
33 18 18 18 6
34 18 18 18 3
35 23 23 23 1
36 27 27 27 0
37 29 29 29 6
38 17 17 17 3
39 18 18 18 1
40 7 7 7 0
41 19 19 19 6
42 23 23 23 0
43 24 24 24 6
44 24 24 24 0
45 25 25 25 6
46 3 3 3 0
47 4 4 4 5
48 5 5 5 1
49 8 8 8 0
50 10 10 10 6
51 14 14 14 0
52 15 15 15 5
53 20 20 20 7
54 21 21 21 1
55 13 13 13 0
56 22 22 22 6
57 12 12 12 0
58 13 13 13 5
59 14 14 14 7
60 16 16 16 1
61 15 15 15 0
62 17 17 17 6
63 15 15 15 0
64 16 16 16 5
65 17 17 17 7
66 19 19 19 1
67 16 16 16 0
68 20 20 20 6
69 11 11 11 0
70 12 12 12 5
71 15 15 15 1
72 9 9 9 0
73 16 16 16 6
74 22 22 22 0
75 23 23 23 5
76 24 24 24 7
77 28 28 28 1
78 18 18 18 0
79 30 30 30 6
80 17 17 17 0
81 20 20 20 5
82 21 21 21 7
83 22 22 22 1
84 19 19 19 0
85 23 23 23 6
86 21 21 21 0
87 22 22 22 5
88 23 23 23 7
89 24 24 24 1
90 20 20 20 0
91 28 28 28 6
92 25 25 25 0
93 26 26 26 6
94 26 26 26 0
95 27 27 27 6
96 1 1 1 1
97 3 3 3 0
98 4 4 4 6
99 1 1 1 3
100 4 4 4 1
101 1 1 1 0
102 6 6 6 6
103 17 17 17 0
104 18 18 18 5
105 23 23 23 8
