Latency Constraint 15
0 1 1 1 2
1 4 4 4 0
2 3 3 3 0
3 4 4 4 5
4 4 4 4 0
5 5 5 5 5
6 6 6 6 2
7 10 10 10 0
8 1 1 1 0
9 2 2 2 6
10 7 7 7 0
11 8 8 8 6
12 11 11 11 1
13 8 8 8 0
14 12 12 12 6
15 13 13 13 3
16 14 14 14 1
17 13 13 13 0
18 15 15 15 6
19 11 11 11 3
20 12 12 12 1
21 12 12 12 0
22 13 13 13 6
23 12 12 12 3
24 14 14 14 1
25 14 14 14 0
26 15 15 15 6
27 5 5 5 1
28 5 5 5 0
29 6 6 6 6
30 5 5 5 3
31 6 6 6 1
32 10 10 10 0
33 11 11 11 6
34 6 6 6 3
35 7 7 7 1
36 9 9 9 0
37 10 10 10 6
38 7 7 7 3
39 8 8 8 1
40 11 11 11 0
41 12 12 12 6
42 6 6 6 0
43 7 7 7 6
44 4 4 4 0
45 5 5 5 6
46 1 1 1 0
47 2 2 2 5
48 3 3 3 1
49 2 2 2 0
50 5 5 5 6
51 9 9 9 0
52 10 10 10 5
53 11 11 11 7
54 12 12 12 1
55 12 12 12 0
56 14 14 14 6
57 5 5 5 0
58 11 11 11 5
59 12 12 12 7
60 13 13 13 1
61 13 13 13 0
62 14 14 14 6
63 2 2 2 0
64 8 8 8 5
65 9 9 9 7
66 10 10 10 1
67 3 3 3 0
68 11 11 11 6
69 11 11 11 0
70 12 12 12 5
71 13 13 13 1
72 14 14 14 0
73 15 15 15 6
74 6 6 6 0
75 7 7 7 5
76 8 8 8 7
77 9 9 9 1
78 10 10 10 0
79 13 13 13 6
80 1 1 1 0
81 3 3 3 5
82 4 4 4 7
83 5 5 5 1
84 7 7 7 0
85 8 8 8 6
86 5 5 5 0
87 9 9 9 5
88 10 10 10 7
89 11 11 11 1
90 11 11 11 0
91 12 12 12 6
92 8 8 8 0
93 9 9 9 6
94 1 1 1 0
95 3 3 3 6
96 1 1 1 1
97 2 2 2 0
98 3 3 3 6
99 1 1 1 3
100 2 2 2 1
101 3 3 3 0
102 4 4 4 6
103 1 1 1 0
104 2 2 2 5
105 3 3 3 8
