LC 39
0 1
1 2
2 5
3 6
4 1
5 2
6 5
7 6
8 2
9 3
10 6
11 7
12 3
13 4
14 7
15 8
16 1
17 4
18 5
19 7
20 1
21 4
22 5
23 7
24 10
25 1
26 6
27 7
28 8
29 11
30 4
31 7
32 8
33 9
34 12
35 2
36 5
37 8
38 13
39 27
40 30
41 31
42 32
43 12
44 15
45 27
46 29
47 36
48 15
49 22
50 28
51 33
52 37
53 30
54 33
55 34
56 35
57 38
58 34
59 35
60 38
61 39
62 11
63 14
64 15
65 20
66 14
67 17
68 18
69 19
70 23
71 18
72 21
73 26
74 31
75 34
76 24
77 27
78 30
79 32
80 35
81 13
82 21
83 32
84 36
85 16
86 19
87 21
88 23
89 10
90 19
91 20
92 26
93 29
94 13
95 16
96 17
97 25
98 30
99 17
100 24
101 25
102 28
103 31
104 20
105 22
106 26
107 32
108 39
