LC 60
0 45
1 2
2 1
3 1
4 2
5 4
6 5
7 6
8 2
9 1
10 2
11 3
12 4
13 5
14 6
15 7
16 8
17 2
18 1
19 1
20 2
21 4
22 5
23 6
24 2
25 1
26 2
27 3
28 4
29 5
30 6
31 7
32 8
33 6
34 9
35 11
36 3
37 4
38 11
39 14
40 35
41 39
42 9
43 13
44 26
45 20
46 24
47 27
48 30
49 32
50 42
51 20
52 11
53 12
54 35
55 45
56 46
57 36
58 14
59 19
60 23
61 39
62 42
63 45
64 47
65 48
66 12
67 5
68 12
69 16
70 18
71 21
72 22
73 17
74 14
75 13
76 14
77 17
78 20
79 21
80 23
81 24
82 46
83 47
84 51
85 32
86 44
87 45
88 54
89 55
90 58
91 28
92 29
93 33
94 47
95 50
96 51
97 56
98 57
99 23
100 26
101 37
102 38
103 39
104 40
105 41
106 29
107 17
108 36
109 37
110 38
111 40
112 41
113 42
114 43
115 30
116 5
117 14
118 15
119 23
120 33
121 36
122 23
123 9
124 15
125 30
126 31
127 32
128 33
129 37
130 38
131 38
132 39
133 50
134 31
135 34
136 41
137 53
138 54
139 58
140 16
141 17
142 42
143 50
144 51
145 54
146 57
147 58
148 4
149 21
150 10
151 11
152 24
153 25
154 26
155 7
156 10
157 7
158 8
159 22
160 25
161 26
162 27
163 30
164 18
165 15
166 8
167 10
168 18
169 22
170 25
171 20
172 6
173 17
174 20
175 21
176 23
177 24
178 26
179 27
180 29
181 33
182 36
183 34
184 35
185 36
186 44
187 45
188 48
189 30
190 31
191 33
192 6
193 7
194 33
195 36
196 39
