LC 30
0 1
1 4
2 2
3 3
4 1
5 2
6 4
7 7
8 1
9 3
10 12
11 13
12 14
13 2
14 15
15 28
16 29
17 28
18 30
19 8
20 12
21 4
22 14
23 12
24 13
25 5
26 18
27 20
28 10
29 21
30 13
31 17
32 6
33 18
34 18
35 23
36 27
37 29
38 17
39 18
40 7
41 19
42 23
43 24
44 24
45 25
46 3
47 4
48 5
49 8
50 10
51 14
52 15
53 20
54 21
55 13
56 22
57 12
58 13
59 14
60 16
61 15
62 17
63 15
64 16
65 17
66 19
67 16
68 20
69 11
70 12
71 15
72 9
73 16
74 22
75 23
76 24
77 28
78 18
79 30
80 17
81 20
82 21
83 22
84 19
85 23
86 21
87 22
88 23
89 24
90 20
91 28
92 25
93 26
94 26
95 27
96 1
97 3
98 4
99 1
100 4
101 1
102 6
103 17
104 18
105 23
