LC 19
0 1
1 7
2 10
3 11
4 2
5 4
6 7
7 8
8 3
9 7
10 12
11 13
12 1
13 4
14 13
15 14
16 1
17 8
18 10
19 12
20 1
21 4
22 6
23 10
24 15
25 7
26 11
27 13
28 14
29 17
30 7
31 12
32 14
33 15
34 18
35 2
36 10
37 13
38 19
39 1
40 5
41 7
42 13
43 1
44 6
45 9
46 10
47 16
48 4
49 7
50 13
51 14
52 17
53 4
54 8
55 9
56 15
57 18
58 3
59 7
60 14
61 19
62 1
63 6
64 10
65 13
66 7
67 11
68 12
69 13
70 16
71 4
72 7
73 8
74 14
75 17
76 10
77 13
78 14
79 15
80 18
81 10
82 11
83 14
84 19
85 4
86 9
87 11
88 12
89 1
90 4
91 5
92 10
93 15
94 7
95 10
96 12
97 14
98 17
99 1
100 5
101 12
102 15
103 18
104 1
105 4
106 9
107 19
108 19
