LC 16
0 1
1 1
2 3
3 4
4 5
5 6
6 12
7 7
8 7
9 6
10 10
11 11
12 12
13 13
14 10
15 15
16 16
17 7
18 1
19 4
20 9
21 10
22 11
23 13
24 10
25 14
26 16
27 4
28 1
29 3
30 5
31 9
32 10
33 13
34 10
35 13
36 16
37 4
38 4
39 7
40 8
41 13
42 14
43 4
44 12
45 15
46 1
47 2
48 3
49 1
50 2
51 4
52 5
LC 16
0 7
1 1
2 2
3 6
4 10
5 11
6 12
7 7
8 7
9 7
10 10
11 11
12 12
13 13
14 10
15 14
16 16
17 1
18 1
19 8
20 9
21 11
22 12
23 13
24 10
25 13
26 16
27 4
28 1
29 3
30 4
31 8
32 9
33 13
34 10
35 15
36 16
37 4
38 4
39 1
40 12
41 13
42 14
43 10
44 14
45 15
46 1
47 5
48 6
49 3
50 6
51 7
52 8
LC 16
0 7
1 1
2 2
3 6
4 10
5 11
6 12
7 7
8 7
9 7
10 10
11 11
12 12
13 13
14 10
15 14
16 16
17 1
18 1
19 8
20 9
21 11
22 12
23 13
24 10
25 13
26 16
27 4
28 1
29 3
30 4
31 8
32 9
33 13
34 10
35 15
36 16
37 4
38 4
39 1
40 12
41 13
42 14
43 10
44 14
45 15
46 1
47 5
48 6
49 3
50 6
51 7
52 8
LC 11
0 1
1 1
2 1
3 4
4 5
5 6
6 7
7 3
8 1
9 4
10 5
11 6
12 7
13 8
14 7
15 10
16 11
17 3
18 1
19 3
20 5
21 6
22 7
23 8
24 5
25 8
26 11
27 1
28 1
29 2
30 4
31 6
32 7
33 8
34 4
35 7
36 11
37 5
38 4
39 3
40 7
41 8
42 9
43 6
44 9
45 10
46 1
47 3
48 4
49 1
50 2
51 3
52 5
LC 33
0 22
1 10
2 14
3 24
4 25
5 27
6 28
7 13
8 13
9 19
10 26
11 27
12 28
13 29
14 25
15 28
16 33
17 16
18 19
19 20
20 26
21 27
22 29
23 30
24 1
25 4
26 33
27 16
28 4
29 2
30 23
31 25
32 26
33 29
34 7
35 22
36 32
37 19
38 26
39 1
40 29
41 30
42 31
43 1
44 21
45 32
46 15
47 18
48 21
49 5
50 17
51 24
52 25
