LC 18
0 10
1 7
2 1
3 12
4 13
5 14
6 1
7 1
8 3
9 4
10 5
11 6
12 1
13 1
14 1
15 4
16 5
17 6
18 7
19 10
20 15
21 4
22 11
23 3
24 14
25 15
26 16
27 7
28 11
29 7
30 14
31 15
32 16
33 7
34 7
35 2
36 10
37 11
38 12
39 4
40 7
41 8
42 10
43 11
44 12
45 13
46 14
47 17
48 14
49 13
50 6
51 16
52 17
53 18
54 7
55 10
56 12
57 13
58 14
59 15
60 1
61 4
62 6
63 8
64 9
65 10
66 4
67 4
68 7
69 9
70 11
71 12
72 13
73 14
74 17
75 14
76 13
77 2
78 16
79 17
80 18
81 10
82 1
83 6
84 12
85 13
86 14
87 4
88 4
89 5
90 7
91 8
92 9
93 7
94 1
95 4
96 9
97 10
98 11
99 12
100 13
101 16
102 10
103 10
104 1
105 13
106 14
107 17
LC 18
0 10
1 7
2 1
3 12
4 13
5 14
6 1
7 1
8 3
9 4
10 5
11 6
12 1
13 1
14 1
15 4
16 5
17 6
18 7
19 10
20 15
21 4
22 11
23 3
24 14
25 15
26 16
27 7
28 11
29 7
30 14
31 15
32 16
33 7
34 7
35 2
36 10
37 11
38 12
39 4
40 7
41 8
42 10
43 11
44 12
45 13
46 14
47 17
48 14
49 13
50 6
51 16
52 17
53 18
54 7
55 10
56 12
57 13
58 14
59 15
60 1
61 4
62 6
63 8
64 9
65 10
66 4
67 4
68 7
69 9
70 11
71 12
72 13
73 14
74 17
75 14
76 13
77 2
78 16
79 17
80 18
81 10
82 1
83 6
84 12
85 13
86 14
87 4
88 4
89 5
90 7
91 8
92 9
93 7
94 1
95 4
96 9
97 10
98 11
99 12
100 13
101 16
102 10
103 10
104 1
105 13
106 14
107 17
LC 18
0 10
1 7
2 6
3 12
4 13
5 14
6 1
7 1
8 3
9 4
10 5
11 6
12 1
13 1
14 1
15 4
16 5
17 6
18 7
19 10
20 15
21 7
22 10
23 3
24 14
25 15
26 16
27 10
28 10
29 6
30 14
31 15
32 16
33 7
34 7
35 2
36 10
37 11
38 12
39 4
40 7
41 8
42 10
43 11
44 12
45 13
46 14
47 17
48 13
49 13
50 1
51 16
52 17
53 18
54 7
55 10
56 12
57 13
58 14
59 15
60 4
61 4
62 3
63 8
64 9
65 10
66 1
67 4
68 7
69 9
70 11
71 12
72 13
73 14
74 17
75 13
76 13
77 2
78 16
79 17
80 18
81 10
82 4
83 7
84 12
85 13
86 14
87 1
88 4
89 6
90 7
91 8
92 9
93 7
94 1
95 4
96 9
97 10
98 11
99 12
100 13
101 16
102 4
103 10
104 1
105 13
106 14
107 17
LC 12
0 6
1 5
2 7
3 8
4 9
5 10
6 2
7 1
8 1
9 4
10 5
11 6
12 2
13 1
14 2
15 4
16 5
17 6
18 7
19 8
20 11
21 8
22 7
23 6
24 10
25 11
26 12
27 4
28 5
29 6
30 8
31 9
32 10
33 2
34 1
35 1
36 4
37 5
38 6
39 1
40 1
41 3
42 4
43 5
44 6
45 7
46 8
47 11
48 7
49 5
50 7
51 8
52 10
53 12
54 4
55 4
56 1
57 8
58 9
59 10
60 1
61 1
62 2
63 4
64 5
65 6
66 2
67 1
68 3
69 4
70 5
71 6
72 7
73 8
74 11
75 7
76 4
77 2
78 8
79 10
80 12
81 4
82 4
83 6
84 7
85 8
86 9
87 1
88 1
89 1
90 4
91 5
92 6
93 2
94 1
95 2
96 4
97 5
98 6
99 7
100 8
101 11
102 7
103 5
104 3
105 8
106 10
107 12
LC 36
0 16
1 7
2 14
3 16
4 19
5 20
6 1
7 1
8 2
9 4
10 5
11 6
12 1
13 1
14 1
15 4
16 5
17 6
18 7
19 10
20 23
21 22
22 19
23 1
24 22
25 25
26 26
27 28
28 28
29 7
30 31
31 32
32 33
33 16
34 10
35 12
36 23
37 26
38 27
39 25
40 19
41 13
42 27
43 28
44 29
45 31
46 32
47 35
48 31
49 31
50 9
51 34
52 35
53 36
54 7
55 25
56 15
57 28
58 29
59 30
60 22
61 4
62 10
63 24
64 25
65 26
66 19
67 16
68 20
69 21
70 22
71 25
72 27
73 28
74 33
75 7
76 25
77 6
78 29
79 30
80 34
81 22
82 4
83 11
84 24
85 30
86 31
87 13
88 4
89 6
90 20
91 21
92 22
93 10
94 13
95 3
96 17
97 18
98 19
99 25
100 28
101 33
102 4
103 13
104 8
105 26
106 27
107 35
