LC 28
0 17
1 16
2 22
3 23
4 25
5 28
6 10
7 20
8 21
9 25
10 28
11 16
12 19
13 22
14 25
15 28
16 10
17 20
18 24
19 25
20 28
21 1
22 6
23 8
24 10
25 7
26 10
27 11
28 13
29 21
30 4
31 9
32 16
33 19
34 22
35 23
36 25
37 22
38 25
39 28
40 12
41 15
42 16
43 18
44 9
45 12
46 13
47 16
48 21
49 16
50 19
51 20
52 21
53 24
54 25
55 22
56 25
57 28
58 12
59 15
60 16
61 17
62 1
63 6
64 7
65 16
66 20
67 7
68 11
69 15
70 16
71 21
72 22
73 25
74 22
75 26
76 28
77 13
78 16
79 17
80 18
81 1
82 6
83 7
84 10
85 23
86 16
87 19
88 20
89 21
90 24
91 25
92 22
93 27
94 28
95 1
96 5
97 6
98 1
99 5
100 6
101 7
102 1
103 5
104 6
105 1
106 5
107 6
108 7
109 10
110 1
111 4
112 5
113 1
114 4
115 5
116 6
117 1
118 4
119 5
120 1
121 4
122 5
123 6
124 9
125 1
126 4
127 5
128 1
129 4
130 5
131 6
132 1
133 4
134 5
135 1
136 4
137 5
138 6
139 9
140 7
141 11
142 12
143 7
144 11
145 12
146 13
147 4
148 9
149 10
150 7
151 10
152 11
153 13
154 16
155 4
156 7
157 8
158 4
159 9
160 10
161 13
162 4
163 7
164 8
165 1
166 6
167 7
168 13
169 17
170 10
171 13
172 14
173 7
174 10
175 11
176 15
177 9
178 12
179 13
180 4
181 8
182 9
183 15
184 18
185 13
186 17
187 18
188 19
189 10
190 14
191 15
192 19
193 23
194 4
195 18
196 19
197 20
198 24
199 25
200 22
201 26
202 28
203 10
204 13
205 14
206 19
207 7
208 17
209 18
210 19
211 22
212 4
213 8
214 9
215 10
216 23
217 24
218 25
219 22
220 25
221 28
222 10
223 15
224 16
225 19
226 13
227 16
228 17
229 19
230 23
231 16
232 19
233 20
234 21
235 24
236 25
237 22
238 27
239 28
240 4
241 8
242 9
243 10
244 4
245 7
246 8
247 10
248 13
249 4
250 9
251 10
252 11
253 14
254 15
255 25
256 22
257 27
258 28
259 13
260 16
261 17
262 18
263 13
264 17
265 18
266 19
267 22
268 4
269 7
270 10
271 13
272 23
273 24
274 25
275 22
276 25
277 28
278 13
279 16
280 17
281 19
282 15
283 18
284 19
285 20
286 23
287 10
288 13
289 15
290 16
291 24
292 25
293 22
294 26
295 28
296 7
297 12
298 13
299 19
300 1
301 17
302 18
303 19
304 22
305 7
306 14
307 15
308 16
309 23
310 24
311 25
312 22
313 27
314 28
315 4
316 12
317 13
318 16
319 7
320 10
321 12
322 13
323 20
324 10
325 13
326 14
327 16
328 21
329 25
330 22
331 26
332 28
