LC 19
0 1
1 7
2 10
3 11
4 2
5 4
6 7
7 8
8 3
9 7
10 12
11 13
12 1
13 4
14 13
15 14
16 1
17 8
18 10
19 12
20 1
21 4
22 6
23 10
24 15
25 7
26 11
27 13
28 14
29 17
30 7
31 12
32 14
33 15
34 18
35 2
36 10
37 13
38 19
39 1
40 5
41 7
42 13
43 1
44 6
45 9
46 10
47 16
48 4
49 7
50 13
51 14
52 17
53 4
54 8
55 9
56 15
57 18
58 3
59 7
60 14
61 19
62 1
63 6
64 10
65 13
66 7
67 11
68 12
69 13
70 16
71 4
72 7
73 8
74 14
75 17
76 10
77 13
78 14
79 15
80 18
81 10
82 11
83 14
84 19
85 4
86 9
87 11
88 12
89 1
90 4
91 5
92 10
93 15
94 7
95 10
96 12
97 14
98 17
99 1
100 5
101 12
102 15
103 18
104 1
105 4
106 9
107 19
108 19
LC 13
0 1
1 2
2 5
3 6
4 1
5 2
6 5
7 6
8 2
9 3
10 6
11 7
12 3
13 4
14 7
15 8
16 1
17 4
18 5
19 7
20 1
21 4
22 5
23 7
24 10
25 1
26 6
27 7
28 8
29 11
30 4
31 7
32 8
33 9
34 12
35 2
36 5
37 9
38 13
39 1
40 4
41 5
42 7
43 1
44 5
45 6
46 7
47 10
48 3
49 6
50 7
51 8
52 11
53 4
54 7
55 8
56 9
57 12
58 3
59 5
60 8
61 13
62 1
63 4
64 5
65 7
66 1
67 5
68 6
69 7
70 10
71 1
72 6
73 7
74 8
75 11
76 4
77 7
78 8
79 9
80 12
81 3
82 5
83 9
84 13
85 1
86 4
87 6
88 7
89 1
90 5
91 6
92 7
93 10
94 3
95 6
96 7
97 8
98 11
99 4
100 7
101 8
102 9
103 12
104 8
105 9
106 12
107 13
108 13
