LC 12
0 9
1 8
2 11
3 12
4 4
5 1
6 1
7 5
8 6
9 7
10 8
11 5
12 4
13 1
14 4
15 7
16 8
17 9
18 7
19 4
20 1
21 6
22 7
23 10
24 11
25 8
26 7
27 6
28 9
29 10
30 11
31 12
LC 12
0 1
1 7
2 10
3 12
4 4
5 1
6 1
7 4
8 6
9 7
10 8
11 7
12 4
13 1
14 6
15 7
16 11
17 12
18 7
19 4
20 1
21 6
22 7
23 10
24 11
25 4
26 4
27 1
28 6
29 7
30 8
31 12
LC 12
0 1
1 7
2 10
3 12
4 4
5 1
6 1
7 4
8 6
9 7
10 8
11 7
12 4
13 1
14 6
15 7
16 11
17 12
18 7
19 4
20 1
21 6
22 7
23 10
24 11
25 4
26 4
27 1
28 6
29 7
30 8
31 12
LC 12
0 9
1 8
2 11
3 12
4 4
5 1
6 1
7 5
8 6
9 7
10 8
11 5
12 4
13 1
14 4
15 7
16 8
17 9
18 7
19 4
20 1
21 6
22 7
23 10
24 11
25 8
26 7
27 6
28 9
29 10
30 11
31 12
LC 8
0 5
1 4
2 7
3 8
4 1
5 1
6 1
7 4
8 5
9 6
10 7
11 4
12 3
13 1
14 4
15 6
16 7
17 8
18 3
19 1
20 1
21 4
22 5
23 6
24 7
25 4
26 1
27 2
28 5
29 6
30 7
31 8
