LC 30
0 14
1 4
2 11
3 8
4 9
5 14
6 15
7 16
8 12
9 10
10 2
11 4
12 13
13 15
14 16
15 17
16 18
17 7
18 4
19 1
20 4
21 9
22 10
23 11
24 7
25 5
26 6
27 7
28 9
29 10
30 11
31 12
32 13
33 18
34 19
35 21
36 9
37 10
38 16
39 24
40 25
41 28
42 17
43 18
44 19
45 19
46 20
47 21
48 24
49 25
50 1
51 1
52 2
53 3
54 4
55 5
56 6
57 1
58 1
59 2
60 3
61 4
62 5
63 6
64 7
65 8
66 1
67 1
68 1
69 2
70 4
71 5
72 6
73 1
74 1
75 1
76 2
77 4
78 5
79 6
80 7
81 8
82 3
83 5
84 11
85 7
86 8
87 11
88 14
89 17
90 28
91 7
92 9
93 14
94 8
95 13
96 14
97 21
98 25
99 11
100 10
101 11
102 12
103 13
104 14
105 15
106 4
107 4
108 7
109 8
110 12
111 14
112 15
113 16
114 17
115 11
116 4
117 3
118 5
119 10
120 14
121 15
122 7
123 7
124 6
125 8
126 10
127 11
128 12
129 16
130 17
131 17
132 18
133 20
134 18
135 19
136 20
137 23
138 25
139 28
140 20
141 21
142 22
143 20
144 21
145 22
146 25
147 28
148 10
149 4
150 6
151 7
152 12
153 13
154 14
155 10
156 8
157 3
158 10
159 11
160 13
161 14
162 15
163 16
164 7
165 4
166 8
167 9
168 11
169 12
170 13
171 1
172 7
173 1
174 7
175 11
176 12
177 13
178 14
179 15
180 16
181 17
182 19
183 16
184 17
185 18
186 22
187 23
188 26
189 19
190 20
191 23
192 22
193 23
194 24
195 27
196 28
LC 20
0 5
1 2
2 1
3 1
4 2
5 4
6 5
7 6
8 2
9 1
10 2
11 3
12 4
13 5
14 6
15 7
16 8
17 2
18 1
19 1
20 2
21 4
22 5
23 6
24 2
25 1
26 2
27 3
28 4
29 5
30 6
31 7
32 8
33 6
34 8
35 11
36 7
37 8
38 11
39 14
40 15
41 18
42 12
43 13
44 14
45 12
46 13
47 14
48 17
49 18
50 2
51 1
52 1
53 2
54 4
55 5
56 6
57 2
58 1
59 2
60 3
61 4
62 5
63 6
64 7
65 8
66 2
67 1
68 2
69 3
70 4
71 5
72 6
73 2
74 1
75 1
76 2
77 4
78 5
79 6
80 7
81 8
82 8
83 9
84 11
85 9
86 10
87 11
88 14
89 15
90 18
91 11
92 12
93 14
94 11
95 12
96 14
97 17
98 18
99 2
100 1
101 2
102 3
103 4
104 5
105 6
106 2
107 1
108 1
109 2
110 4
111 5
112 6
113 7
114 8
115 2
116 1
117 2
118 3
119 4
120 5
121 6
122 2
123 1
124 1
125 2
126 4
127 5
128 6
129 7
130 8
131 6
132 7
133 11
134 7
135 9
136 11
137 14
138 15
139 18
140 10
141 11
142 12
143 9
144 11
145 12
146 15
147 17
148 2
149 1
150 2
151 3
152 4
153 5
154 6
155 2
156 1
157 1
158 2
159 4
160 5
161 6
162 7
163 8
164 2
165 1
166 2
167 3
168 4
169 5
170 6
171 2
172 1
173 1
174 2
175 4
176 5
177 6
178 7
179 8
180 3
181 4
182 11
183 8
184 10
185 11
186 14
187 15
188 18
189 10
190 11
191 14
192 6
193 7
194 14
195 17
196 18
LC 60
0 32
1 1
2 1
3 1
4 2
5 4
6 5
7 6
8 2
9 1
10 2
11 3
12 4
13 5
14 6
15 7
16 8
17 2
18 1
19 1
20 2
21 4
22 5
23 6
24 2
25 1
26 2
27 3
28 4
29 5
30 6
31 7
32 8
33 6
34 7
35 11
36 3
37 4
38 11
39 14
40 23
41 29
42 42
43 43
44 44
45 6
46 38
47 41
48 56
49 58
50 32
51 19
52 8
53 41
54 43
55 44
56 45
57 5
58 7
59 9
60 39
61 40
62 41
63 42
64 46
65 47
66 13
67 26
68 13
69 24
70 29
71 30
72 32
73 25
74 22
75 19
76 23
77 27
78 28
79 29
80 34
81 35
82 48
83 49
84 50
85 8
86 14
87 44
88 53
89 55
90 58
91 14
92 30
93 38
94 50
95 51
96 52
97 55
98 56
99 22
100 26
101 36
102 37
103 38
104 39
105 40
106 17
107 14
108 15
109 16
110 37
111 39
112 40
113 41
114 43
115 31
116 20
117 7
118 15
119 33
120 34
121 35
122 7
123 28
124 12
125 22
126 32
127 33
128 34
129 36
130 37
131 10
132 44
133 46
134 35
135 36
136 41
137 49
138 50
139 55
140 47
141 48
142 49
143 45
144 52
145 53
146 57
147 58
148 17
149 16
150 10
151 20
152 21
153 24
154 25
155 19
156 14
157 18
158 19
159 20
160 22
161 26
162 28
163 29
164 4
165 23
166 16
167 17
168 26
169 31
170 32
171 10
172 4
173 9
174 18
175 25
176 26
177 27
178 33
179 35
180 23
181 28
182 34
183 11
184 21
185 41
186 44
187 47
188 50
189 17
190 31
191 44
192 3
193 33
194 38
195 47
196 53
LC 60
0 32
1 1
2 1
3 1
4 2
5 4
6 5
7 6
8 1
9 1
10 2
11 3
12 4
13 5
14 6
15 7
16 8
17 2
18 1
19 1
20 2
21 4
22 5
23 6
24 1
25 1
26 2
27 3
28 4
29 5
30 6
31 7
32 8
33 6
34 7
35 11
36 3
37 4
38 11
39 14
40 25
41 29
42 42
43 43
44 44
45 6
46 38
47 41
48 56
49 58
50 19
51 4
52 40
53 41
54 43
55 44
56 45
57 32
58 7
59 38
60 39
61 40
62 41
63 42
64 46
65 47
66 13
67 26
68 13
69 24
70 29
71 30
72 32
73 25
74 22
75 19
76 23
77 27
78 28
79 29
80 34
81 35
82 48
83 49
84 50
85 8
86 14
87 44
88 53
89 55
90 58
91 14
92 30
93 38
94 47
95 51
96 52
97 55
98 56
99 22
100 26
101 36
102 37
103 38
104 39
105 40
106 17
107 14
108 15
109 16
110 37
111 39
112 40
113 41
114 43
115 31
116 20
117 7
118 15
119 33
120 34
121 35
122 7
123 28
124 12
125 22
126 32
127 33
128 34
129 36
130 37
131 41
132 44
133 46
134 35
135 36
136 41
137 49
138 50
139 55
140 45
141 48
142 49
143 46
144 52
145 53
146 57
147 58
148 17
149 16
150 10
151 20
152 21
153 24
154 25
155 19
156 14
157 18
158 19
159 20
160 22
161 26
162 28
163 29
164 4
165 23
166 16
167 17
168 26
169 31
170 32
171 10
172 4
173 9
174 18
175 25
176 26
177 27
178 33
179 35
180 23
181 28
182 34
183 11
184 21
185 41
186 44
187 47
188 50
189 17
190 31
191 44
192 3
193 33
194 38
195 47
196 53
