LC 15
0 1
1 4
2 2
3 3
4 2
5 3
6 4
7 7
8 1
9 2
10 6
11 12
12 8
13 9
14 10
15 9
16 10
17 10
18 11
19 10
20 12
21 12
22 13
23 8
24 9
25 8
26 10
27 5
28 5
29 6
30 6
31 7
32 7
33 8
34 5
35 6
36 6
37 7
38 7
39 8
40 5
41 9
42 3
43 4
44 5
45 6
46 1
47 2
48 3
49 3
50 4
51 8
52 9
53 10
54 11
55 11
56 12
57 9
58 10
59 11
60 12
61 13
62 14
63 10
64 11
65 12
66 13
67 13
68 14
69 12
70 13
71 14
72 14
73 15
74 11
75 12
76 13
77 14
78 14
79 15
80 3
81 5
82 6
83 10
84 7
85 11
86 1
87 2
88 3
89 5
90 4
91 13
92 8
93 9
94 3
95 8
96 1
97 2
98 3
99 1
100 4
101 4
102 5
103 6
104 7
105 8
LC 15
0 1
1 4
2 1
3 4
4 3
5 4
6 5
7 9
8 1
9 2
10 5
11 7
12 13
13 9
14 14
15 13
16 14
17 13
18 15
19 10
20 11
21 12
22 13
23 11
24 12
25 8
26 14
27 5
28 5
29 6
30 5
31 6
32 10
33 11
34 6
35 7
36 7
37 8
38 7
39 10
40 11
41 12
42 9
43 10
44 3
45 5
46 6
47 13
48 14
49 14
50 15
51 7
52 10
53 11
54 12
55 12
56 13
57 10
58 11
59 12
60 13
61 13
62 14
63 7
64 8
65 9
66 10
67 4
68 11
69 6
70 7
71 8
72 14
73 15
74 2
75 3
76 6
77 7
78 6
79 8
80 8
81 9
82 10
83 11
84 10
85 12
86 5
87 6
88 8
89 9
90 11
91 13
92 8
93 9
94 2
95 3
96 1
97 2
98 3
99 1
100 3
101 3
102 4
103 1
104 2
105 3
LC 10
0 1
1 4
2 1
3 2
4 1
5 2
6 3
7 6
8 1
9 2
10 4
11 5
12 8
13 7
14 9
15 7
16 9
17 8
18 10
19 8
20 9
21 9
22 10
23 7
24 8
25 8
26 9
27 5
28 5
29 6
30 5
31 6
32 6
33 7
34 6
35 7
36 7
37 8
38 5
39 6
40 9
41 10
42 2
43 3
44 3
45 4
46 2
47 3
48 4
49 3
50 5
51 6
52 7
53 8
54 9
55 4
56 10
57 2
58 3
59 4
60 5
61 5
62 7
63 4
64 5
65 6
66 7
67 6
68 8
69 7
70 8
71 9
72 9
73 10
74 5
75 6
76 7
77 8
78 8
79 9
80 2
81 4
82 5
83 7
84 7
85 8
86 3
87 4
88 5
89 6
90 6
91 7
92 5
93 6
94 1
95 2
96 1
97 2
98 3
99 1
100 2
101 3
102 4
103 1
104 2
105 3
LC 30
0 1
1 8
2 8
3 11
4 3
5 4
6 13
7 21
8 18
9 21
10 2
11 6
12 28
13 26
14 29
15 26
16 29
17 28
18 30
19 25
20 26
21 29
22 30
23 22
24 23
25 12
26 27
27 27
28 27
29 28
30 10
31 11
32 22
33 24
34 12
35 15
36 11
37 16
38 9
39 10
40 6
41 11
42 17
43 20
44 16
45 19
46 21
47 24
48 25
49 24
50 26
51 14
52 15
53 21
54 22
55 20
56 23
57 12
58 13
59 15
60 16
61 19
62 22
63 4
64 12
65 13
66 14
67 10
68 15
69 15
70 23
71 24
72 23
73 25
74 2
75 10
76 12
77 13
78 9
79 14
80 1
81 2
82 3
83 12
84 5
85 13
86 1
87 3
88 4
89 9
90 7
91 12
92 13
93 18
94 11
95 17
96 1
97 3
98 4
99 1
100 4
101 25
102 27
103 14
104 16
105 17
