LC 18
0 11
1 11
2 13
3 14
4 15
5 16
6 1
7 1
8 3
9 4
10 5
11 6
12 1
13 1
14 2
15 4
16 5
17 6
18 7
19 14
20 17
21 14
22 13
23 12
24 16
25 17
26 18
27 11
28 10
29 1
30 13
31 15
32 16
33 8
34 7
35 2
36 10
37 11
38 12
39 4
40 5
41 3
42 8
43 9
44 10
45 13
46 14
47 17
48 14
49 13
50 1
51 16
52 17
53 18
54 6
55 4
56 2
57 8
58 9
59 11
60 1
61 1
62 3
63 6
64 7
65 8
66 4
67 3
68 1
69 6
70 7
71 8
72 9
73 10
74 15
75 10
76 9
77 6
78 12
79 13
80 16
81 7
82 4
83 6
84 7
85 10
86 13
87 7
88 5
89 4
90 8
91 10
92 11
93 7
94 2
95 1
96 5
97 10
98 11
99 12
100 13
101 16
102 11
103 8
104 7
105 11
106 14
107 17
