0 91 94 20
1 71 72 11
2 73 94 11
3 88 93 27
4 94 94 27
5 95 97 1
6 74 78 39
7 79 95 17
8 81 93 2
9 94 95 19
10 96 97 5
11 77 87 21
12 88 94 6
13 91 93 19
14 94 94 14
15 95 97 8
16 86 86 4
17 87 95 4
18 89 94 21
19 95 95 11
20 96 97 11
21 26 26 40
22 27 30 40
23 31 39 42
24 40 41 10
25 29 29 37
26 30 31 37
27 32 34 29
28 35 41 29
29 42 42 5
30 35 35 36
31 36 37 36
32 38 41 17
33 42 42 29
34 43 43 23
35 44 93 25
36 94 94 9
37 87 92 23
38 93 94 23
39 95 97 13
40 31 31 40
41 32 38 14
42 39 42 23
43 43 47 5
44 16 17 1
45 18 18 11
46 19 38 18
47 39 47 18
48 48 51 18
49 28 40 41
50 41 41 40
51 42 45 10
52 46 51 10
53 52 94 10
54 95 95 14
55 91 94 12
56 95 95 20
57 96 97 4
58 12 16 4
59 17 20 4
60 21 23 4
61 24 30 28
62 22 24 8
63 25 25 37
64 26 28 37
65 29 30 42
66 31 31 28
67 19 22 15
68 23 23 29
69 24 26 29
70 27 31 29
71 32 32 0
72 33 94 0
73 95 95 21
74 41 59 41
75 60 95 5
76 96 97 2
77 19 19 10
78 20 27 5
79 28 31 5
80 32 32 5
81 22 23 28
82 24 24 4
83 25 29 4
84 30 32 15
85 33 69 8
86 59 59 21
87 60 62 33
88 63 68 12
89 69 69 11
90 70 93 8
91 94 94 25
92 44 52 17
93 53 94 18
94 95 97 18
95 80 80 34
96 81 81 34
97 82 84 20
98 45 50 16
99 51 57 31
100 58 84 1
101 85 85 12
102 23 27 15
103 28 29 15
104 30 84 4
105 65 65 33
106 66 79 34
107 80 84 36
108 85 85 4
109 86 90 12
110 5 5 6
111 6 6 3
112 7 9 4
113 5 5 7
114 6 6 4
115 7 9 2
116 10 10 3
117 5 5 8
118 6 6 2
119 7 9 3
120 5 5 11
121 6 6 5
122 7 9 40
123 10 10 4
124 11 80 3
125 20 39 10
126 40 40 21
127 41 48 21
128 43 43 17
129 44 44 23
130 45 48 29
131 49 55 29
132 38 46 22
133 47 47 35
134 48 54 5
135 34 41 5
136 42 42 17
137 43 54 24
138 55 55 5
139 56 75 17
140 17 18 10
141 19 22 11
142 23 51 11
143 37 44 16
144 45 45 23
145 46 51 34
146 52 68 11
147 32 38 28
148 39 56 14
149 57 67 14
150 63 63 33
151 64 64 33
152 65 67 39
153 68 68 29
154 69 81 12
155 4 4 2
156 5 5 15
157 6 8 7
158 4 4 4
159 5 5 5
160 6 8 10
161 9 9 7
162 4 4 7
163 5 5 10
164 6 8 11
165 4 4 3
166 5 5 9
167 6 8 1
168 9 9 9
169 10 75 7
170 4 4 1
171 5 5 2
172 6 8 9
173 4 4 8
174 5 5 3
175 6 8 15
176 9 9 6
177 4 4 6
178 5 5 1
179 6 8 8
180 4 4 5
181 5 5 4
182 6 8 6
183 9 9 8
184 10 87 6
185 40 53 28
186 54 68 28
187 69 75 28
188 76 76 14
189 62 64 39
190 65 65 34
191 66 72 41
192 73 76 29
193 77 77 14
194 36 68 37
195 69 69 29
196 70 72 29
197 73 77 37
198 78 94 7
199 95 95 7
200 83 93 29
201 94 95 2
202 96 97 0
203 7 7 5
204 8 8 5
205 9 12 5
206 13 13 1
207 7 8 28
208 9 9 1
209 10 12 1
210 13 13 5
211 14 14 1
212 7 9 29
213 10 10 2
214 11 13 2
215 14 14 5
216 15 15 5
217 16 93 9
218 94 94 29
219 47 58 22
220 59 94 22
221 95 97 12
222 18 20 1
223 21 21 26
224 22 78 27
225 79 88 30
226 46 61 23
227 62 78 40
228 79 87 27
229 88 88 21
230 89 91 3
231 57 66 29
232 67 74 19
233 75 90 19
234 91 91 28
235 92 94 3
236 95 95 15
237 50 57 1
238 58 95 31
239 96 97 10
240 70 70 11
241 71 71 30
242 72 75 30
243 76 81 20
244 68 74 14
245 75 75 20
246 76 78 17
247 79 81 33
248 82 89 28
249 82 83 33
250 84 84 23
251 85 88 1
252 89 89 30
253 90 90 24
254 91 94 24
255 95 95 10
256 53 55 17
257 56 95 16
258 96 97 14
259 54 54 34
260 55 59 24
261 60 63 21
262 64 75 21
263 33 33 5
264 34 60 20
265 61 74 20
266 75 75 14
267 76 76 7
268 25 34 36
269 35 39 21
270 40 70 36
271 71 76 36
272 77 77 7
273 78 93 14
274 94 94 8
275 56 56 29
276 57 94 32
277 95 97 6
278 21 48 1
279 49 58 21
280 59 66 19
281 67 67 29
282 49 49 1
283 50 50 31
284 51 59 38
285 60 67 24
286 68 88 24
287 12 12 8
288 13 13 8
289 14 80 2
290 81 88 3
291 89 94 1
292 95 95 3
293 16 21 8
294 22 95 26
295 96 97 7
296 66 71 33
297 72 77 33
298 78 81 28
299 82 84 12
300 48 60 35
301 61 61 35
302 62 83 23
303 84 84 34
304 85 89 20
305 78 82 29
306 83 83 34
307 84 88 33
308 89 89 24
309 90 91 13
310 92 94 13
311 95 95 0
312 62 79 35
313 80 95 35
314 96 97 3
315 15 15 1
316 16 19 5
317 20 58 19
318 59 59 33
319 51 51 16
320 52 52 16
321 53 55 16
322 56 59 5
323 60 90 38
324 60 62 34
325 63 63 13
326 64 89 13
327 90 90 20
328 91 93 30
329 94 94 28
330 25 32 8
331 33 94 15
332 95 97 9
