LC 28
0 17
1 16
2 20
3 21
4 25
5 28
6 13
7 20
8 24
9 25
10 28
11 16
12 21
13 23
14 25
15 28
16 15
17 20
18 22
19 25
20 28
21 7
22 10
23 11
24 12
25 4
26 7
27 8
28 9
29 15
30 8
31 11
32 12
33 13
34 16
35 17
36 25
37 22
38 25
39 28
40 10
41 13
42 14
43 15
44 10
45 13
46 14
47 15
48 18
49 16
50 19
51 20
52 21
53 24
54 25
55 22
56 26
57 28
58 12
59 15
60 16
61 17
62 12
63 15
64 16
65 17
66 21
67 4
68 8
69 10
70 13
71 22
72 23
73 25
74 22
75 25
76 28
77 13
78 16
79 17
80 18
81 7
82 13
83 14
84 19
85 23
86 16
87 19
88 20
89 21
90 24
91 25
92 22
93 26
94 28
95 1
96 5
97 6
98 1
99 5
100 6
101 7
102 1
103 5
104 6
105 1
106 5
107 6
108 7
109 10
110 1
111 4
112 5
113 1
114 4
115 5
116 6
117 1
118 4
119 5
120 1
121 4
122 5
123 6
124 9
125 1
126 4
127 5
128 1
129 4
130 5
131 6
132 1
133 4
134 5
135 1
136 4
137 5
138 6
139 9
140 8
141 11
142 12
143 5
144 10
145 11
146 13
147 4
148 11
149 12
150 4
151 9
152 10
153 13
154 16
155 8
156 11
157 12
158 3
159 6
160 7
161 14
162 4
163 9
164 10
165 4
166 7
167 8
168 11
169 17
170 10
171 13
172 14
173 7
174 10
175 11
176 15
177 9
178 12
179 13
180 1
181 6
182 7
183 14
184 18
185 9
186 12
187 15
188 19
189 11
190 14
191 15
192 17
193 22
194 7
195 12
196 13
197 16
198 24
199 25
200 22
201 27
202 28
203 11
204 14
205 17
206 19
207 7
208 10
209 11
210 19
211 22
212 8
213 17
214 18
215 19
216 23
217 24
218 25
219 22
220 27
221 28
222 10
223 15
224 18
225 19
226 14
227 18
228 19
229 20
230 23
231 16
232 19
233 20
234 21
235 24
236 25
237 22
238 25
239 28
240 4
241 7
242 8
243 10
244 4
245 8
246 9
247 10
248 13
249 4
250 7
251 9
252 11
253 14
254 15
255 25
256 22
257 26
258 28
259 5
260 9
261 10
262 18
263 7
264 14
265 15
266 17
267 22
268 1
269 7
270 9
271 14
272 23
273 24
274 25
275 22
276 25
277 28
278 12
279 15
280 16
281 20
282 13
283 17
284 18
285 19
286 23
287 13
288 16
289 17
290 18
291 24
292 25
293 22
294 26
295 28
296 3
297 6
298 7
299 19
300 4
301 9
302 16
303 19
304 22
305 9
306 17
307 19
308 20
309 23
310 24
311 25
312 23
313 27
314 28
315 4
316 8
317 9
318 10
319 2
320 6
321 8
322 10
323 14
324 1
325 8
326 15
327 16
328 21
329 25
330 22
331 27
332 28
