0 2 9 29
1 10 10 5
2 11 11 1
3 12 15 1
4 3 6 17
5 7 7 12
6 8 8 4
7 9 15 17
8 4 9 10
9 10 12 7
10 13 13 18
11 14 16 18
12 2 6 34
13 7 13 25
14 14 14 16
15 15 17 8
16 4 8 11
17 9 10 4
18 11 14 4
19 15 15 4
20 4 4 12
21 5 6 12
22 7 12 16
23 13 15 2
24 16 17 2
25 10 11 8
26 12 13 21
27 14 16 9
28 17 17 7
29 18 18 5
30 10 12 10
31 13 14 10
32 15 17 10
33 18 18 6
34 19 19 1
35 3 12 18
36 13 13 9
37 14 19 19
38 20 21 2
39 4 5 22
40 6 7 22
41 8 15 12
42 16 16 1
43 4 6 25
44 7 9 20
45 10 12 14
46 13 16 3
47 17 17 1
48 7 7 19
49 8 13 19
50 14 16 23
51 17 17 9
52 18 18 1
53 7 8 17
54 9 9 22
55 10 17 15
56 18 18 8
57 19 19 2
58 4 9 24
59 10 14 20
60 15 19 16
61 20 21 1
62 4 6 8
63 7 10 21
64 11 15 5
65 16 16 5
66 10 11 22
67 12 12 9
68 13 15 13
69 16 16 6
70 17 17 6
71 7 7 4
72 8 8 22
73 9 16 11
74 17 17 5
75 18 18 3
76 13 13 16
77 14 14 6
78 15 17 21
79 18 18 2
80 19 19 3
81 11 13 6
82 14 14 21
83 15 19 20
84 20 21 0
85 7 9 8
86 10 11 9
87 12 14 8
88 15 15 6
89 4 4 31
90 5 5 31
91 6 12 31
92 13 15 14
93 16 17 4
94 10 10 6
95 11 12 13
96 13 16 7
97 17 17 3
98 18 18 7
99 4 5 23
100 6 12 23
101 13 17 22
102 18 18 4
103 19 19 4
104 2 6 30
105 7 9 5
106 10 19 0
107 20 21 4
108 20 21 3
