LC 19
0 3
1 7
2 10
3 11
4 1
5 2
6 5
7 8
8 1
9 9
10 12
11 13
12 5
13 7
14 13
15 14
16 1
17 7
18 8
19 12
20 1
21 6
22 7
23 10
24 15
25 8
26 12
27 13
28 14
29 17
30 10
31 13
32 14
33 15
34 18
35 2
36 11
37 14
38 19
39 1
40 5
41 6
42 12
43 6
44 9
45 10
46 11
47 16
48 8
49 11
50 12
51 14
52 17
53 1
54 4
55 5
56 15
57 18
58 2
59 4
60 14
61 19
62 1
63 9
64 10
65 12
66 1
67 4
68 6
69 10
70 15
71 4
72 7
73 9
74 14
75 17
76 4
77 11
78 12
79 15
80 18
81 3
82 4
83 11
84 19
85 5
86 10
87 11
88 13
89 3
90 6
91 7
92 9
93 16
94 7
95 12
96 13
97 14
98 17
99 4
100 8
101 9
102 15
103 18
104 6
105 7
106 14
107 19
108 19
