LC 30
0 28
1 12
2 8
3 6
4 10
5 14
6 15
7 16
8 12
9 9
10 8
11 11
12 12
13 15
14 16
15 17
16 18
17 9
18 5
19 7
20 8
21 9
22 12
23 13
24 4
25 5
26 3
27 7
28 11
29 12
30 13
31 14
32 15
33 16
34 17
35 21
36 16
37 17
38 19
39 24
40 25
41 28
42 17
43 18
44 19
45 19
46 20
47 23
48 26
49 27
50 1
51 1
52 1
53 2
54 4
55 5
56 6
57 1
58 1
59 1
60 2
61 4
62 5
63 6
64 7
65 8
66 2
67 1
68 2
69 3
70 4
71 5
72 6
73 1
74 1
75 1
76 3
77 4
78 5
79 6
80 7
81 8
82 6
83 9
84 11
85 7
86 8
87 11
88 14
89 15
90 28
91 20
92 21
93 22
94 2
95 4
96 14
97 25
98 26
99 11
100 7
101 11
102 12
103 13
104 14
105 15
106 10
107 7
108 2
109 4
110 10
111 14
112 15
113 16
114 17
115 4
116 4
117 1
118 5
119 7
120 8
121 11
122 8
123 4
124 3
125 4
126 10
127 11
128 12
129 13
130 14
131 17
132 19
133 20
134 10
135 13
136 17
137 23
138 25
139 28
140 18
141 19
142 20
143 18
144 19
145 20
146 23
147 24
148 7
149 5
150 6
151 7
152 8
153 13
154 14
155 12
156 11
157 3
158 5
159 14
160 15
161 16
162 17
163 18
164 6
165 4
166 6
167 7
168 8
169 9
170 10
171 7
172 2
173 3
174 5
175 9
176 10
177 11
178 12
179 13
180 9
181 14
182 21
183 7
184 9
185 16
186 24
187 25
188 28
189 20
190 21
191 22
192 21
193 22
194 23
195 27
196 28
