LC 15
0 1
1 4
2 3
3 4
4 4
5 5
6 6
7 10
8 1
9 2
10 7
11 8
12 11
13 8
14 12
15 13
16 14
17 13
18 15
19 11
20 12
21 12
22 13
23 12
24 14
25 14
26 15
27 5
28 5
29 6
30 5
31 6
32 10
33 11
34 6
35 7
36 9
37 10
38 7
39 8
40 11
41 12
42 6
43 7
44 4
45 5
46 1
47 2
48 3
49 2
50 5
51 9
52 10
53 11
54 12
55 12
56 14
57 5
58 11
59 12
60 13
61 13
62 14
63 2
64 8
65 9
66 10
67 3
68 11
69 11
70 12
71 13
72 14
73 15
74 6
75 7
76 8
77 9
78 10
79 13
80 1
81 3
82 4
83 5
84 7
85 8
86 5
87 9
88 10
89 11
90 11
91 12
92 8
93 9
94 1
95 3
96 1
97 2
98 3
99 1
100 2
101 3
102 4
103 1
104 2
105 3
