Latency Constraint 18
0 11 11 11 2
1 11 11 11 2
2 13 13 13 0
3 14 14 14 0
4 15 15 15 0
5 16 16 16 5
6 1 1 1 2
7 1 1 1 2
8 3 3 3 0
9 4 4 4 0
10 5 5 5 0
11 6 6 6 5
12 1 1 1 2
13 1 1 1 2
14 2 2 2 0
15 4 4 4 0
16 5 5 5 0
17 6 6 6 5
18 7 7 7 3
19 14 14 14 2
20 17 17 17 0
21 14 14 14 2
22 13 13 13 2
23 12 12 12 0
24 16 16 16 0
25 17 17 17 0
26 18 18 18 6
27 11 11 11 2
28 10 10 10 2
29 1 1 1 0
30 13 13 13 0
31 15 15 15 0
32 16 16 16 5
33 8 8 8 2
34 7 7 7 2
35 2 2 2 0
36 10 10 10 0
37 11 11 11 0
38 12 12 12 5
39 4 4 4 2
40 5 5 5 2
41 3 3 3 0
42 8 8 8 0
43 9 9 9 0
44 10 10 10 5
45 13 13 13 3
46 14 14 14 2
47 17 17 17 0
48 14 14 14 2
49 13 13 13 2
50 1 1 1 0
51 16 16 16 0
52 17 17 17 0
53 18 18 18 6
54 6 6 6 2
55 4 4 4 2
56 2 2 2 0
57 8 8 8 0
58 9 9 9 0
59 11 11 11 5
60 1 1 1 2
61 1 1 1 2
62 3 3 3 0
63 6 6 6 0
64 7 7 7 0
65 8 8 8 5
66 4 4 4 2
67 3 3 3 2
68 1 1 1 0
69 6 6 6 0
70 7 7 7 0
71 8 8 8 5
72 9 9 9 3
73 10 10 10 2
74 15 15 15 0
75 10 10 10 2
76 9 9 9 2
77 6 6 6 0
78 12 12 12 0
79 13 13 13 0
80 16 16 16 6
81 7 7 7 2
82 4 4 4 2
83 6 6 6 0
84 7 7 7 0
85 10 10 10 0
86 13 13 13 5
87 7 7 7 2
88 5 5 5 2
89 4 4 4 0
90 8 8 8 0
91 10 10 10 0
92 11 11 11 5
93 7 7 7 2
94 2 2 2 2
95 1 1 1 0
96 5 5 5 0
97 10 10 10 0
98 11 11 11 5
99 12 12 12 3
100 13 13 13 2
101 16 16 16 0
102 11 11 11 2
103 8 8 8 2
104 7 7 7 0
105 11 11 11 0
106 14 14 14 0
107 17 17 17 6
