Latency Constraint 57
0 46 46 46 8
1 39 39 39 2
2 46 46 46 0
3 50 50 50 5
4 54 54 54 2
5 57 57 57 6
6 30 30 30 2
7 33 33 33 0
8 52 52 52 5
9 54 54 54 2
10 57 57 57 6
11 38 38 38 2
12 49 49 49 0
13 53 53 53 5
14 54 54 54 2
15 57 57 57 6
16 33 33 33 2
17 40 40 40 0
18 51 51 51 5
19 54 54 54 2
20 57 57 57 6
21 20 20 20 2
22 23 23 23 0
23 24 24 24 5
24 26 26 26 2
25 23 23 23 2
26 26 26 26 0
27 27 27 27 5
28 30 30 30 2
29 34 34 34 7
30 13 13 13 2
31 18 18 18 0
32 26 26 26 5
33 27 27 27 2
34 35 35 35 0
35 36 36 36 3
36 54 54 54 2
37 51 51 51 2
38 54 54 54 0
39 57 57 57 6
40 13 13 13 2
41 16 16 16 0
42 19 19 19 5
43 21 21 21 2
44 9 9 9 2
45 12 12 12 0
46 13 13 13 5
47 20 20 20 2
48 24 24 24 0
49 11 11 11 2
50 14 14 14 0
51 15 15 15 5
52 16 16 16 2
53 25 25 25 0
54 54 54 54 2
55 51 51 51 2
56 55 55 55 0
57 57 57 57 6
58 18 18 18 2
59 27 27 27 0
60 28 28 28 5
61 32 32 32 2
62 5 5 5 2
63 10 10 10 0
64 11 11 11 5
65 29 29 29 2
66 35 35 35 0
67 15 15 15 2
68 30 30 30 0
69 31 31 31 5
70 32 32 32 2
71 36 36 36 0
72 37 37 37 3
73 54 54 54 2
74 51 51 51 2
75 56 56 56 0
76 57 57 57 6
77 16 16 16 2
78 19 19 19 0
79 23 23 23 5
80 24 24 24 2
81 9 9 9 2
82 20 20 20 0
83 21 21 21 5
84 23 23 23 2
85 30 30 30 7
86 17 17 17 2
87 21 21 21 0
88 25 25 25 5
89 27 27 27 2
90 31 31 31 0
91 54 54 54 2
92 51 51 51 2
93 54 54 54 0
94 57 57 57 6
95 40 40 40 2
96 43 43 43 0
97 44 44 44 5
98 15 15 15 2
99 32 32 32 0
100 33 33 33 5
101 45 45 45 2
102 17 17 17 2
103 28 28 28 0
104 29 29 29 5
105 12 12 12 2
106 20 20 20 0
107 21 21 21 5
108 36 36 36 2
109 48 48 48 7
110 9 9 9 2
111 12 12 12 0
112 16 16 16 5
113 25 25 25 2
114 30 30 30 0
115 32 32 32 5
116 35 35 35 2
117 14 14 14 2
118 17 17 17 0
119 20 20 20 5
120 12 12 12 2
121 15 15 15 0
122 18 18 18 5
123 21 21 21 2
124 38 38 38 7
125 2 2 2 2
126 5 5 5 0
127 6 6 6 5
128 2 2 2 2
129 5 5 5 0
130 6 6 6 5
131 7 7 7 2
132 2 2 2 2
133 5 5 5 0
134 6 6 6 5
135 2 2 2 2
136 5 5 5 0
137 6 6 6 5
138 7 7 7 2
139 10 10 10 7
140 1 1 1 2
141 4 4 4 0
142 5 5 5 5
143 1 1 1 2
144 4 4 4 0
145 5 5 5 5
146 6 6 6 2
147 1 1 1 2
148 4 4 4 0
149 5 5 5 5
150 1 1 1 2
151 4 4 4 0
152 5 5 5 5
153 6 6 6 2
154 9 9 9 7
155 1 1 1 2
156 4 4 4 0
157 5 5 5 5
158 1 1 1 2
159 4 4 4 0
160 5 5 5 5
161 6 6 6 2
162 1 1 1 2
163 4 4 4 0
164 5 5 5 5
165 1 1 1 2
166 4 4 4 0
167 5 5 5 5
168 6 6 6 2
169 9 9 9 7
170 37 37 37 2
171 40 40 40 0
172 41 41 41 5
173 26 26 26 2
174 31 31 31 0
175 36 36 36 5
176 42 42 42 2
177 14 14 14 2
178 17 17 17 0
179 22 22 22 5
180 31 31 31 2
181 34 34 34 0
182 35 35 35 5
183 38 38 38 2
184 45 45 45 7
185 24 24 24 2
186 29 29 29 0
187 34 34 34 5
188 35 35 35 2
189 35 35 35 2
190 38 38 38 0
191 41 41 41 5
192 47 47 47 2
193 50 50 50 7
194 38 38 38 2
195 41 41 41 0
196 42 42 42 5
197 45 45 45 2
198 51 51 51 0
199 54 54 54 2
200 29 29 29 2
201 32 32 32 0
202 57 57 57 6
203 28 28 28 2
204 37 37 37 0
205 39 39 39 5
206 41 41 41 2
207 18 18 18 2
208 21 21 21 0
209 27 27 27 5
210 46 46 46 2
211 49 49 49 0
212 29 29 29 2
213 42 42 42 0
214 43 43 43 5
215 44 44 44 2
216 50 50 50 0
217 52 52 52 3
218 54 54 54 2
219 32 32 32 2
220 39 39 39 0
221 57 57 57 6
222 26 26 26 2
223 36 36 36 0
224 38 38 38 5
225 42 42 42 2
226 41 41 41 2
227 44 44 44 0
228 46 46 46 5
229 47 47 47 2
230 50 50 50 0
231 45 45 45 2
232 48 48 48 0
233 49 49 49 5
234 50 50 50 2
235 53 53 53 0
236 54 54 54 2
237 34 34 34 2
238 37 37 37 0
239 57 57 57 6
240 9 9 9 2
241 13 13 13 0
242 14 14 14 5
243 15 15 15 2
244 23 23 23 2
245 28 28 28 0
246 30 30 30 5
247 39 39 39 2
248 49 49 49 7
249 42 42 42 2
250 45 45 45 0
251 47 47 47 5
252 49 49 49 2
253 52 52 52 0
254 53 53 53 3
255 54 54 54 2
256 19 19 19 2
257 22 22 22 0
258 57 57 57 6
259 4 4 4 2
260 8 8 8 0
261 9 9 9 5
262 10 10 10 2
263 4 4 4 2
264 7 7 7 0
265 8 8 8 5
266 10 10 10 2
267 13 13 13 7
268 4 4 4 2
269 9 9 9 0
270 10 10 10 5
271 11 11 11 2
272 14 14 14 0
273 15 15 15 3
274 54 54 54 2
275 22 22 22 2
276 26 26 26 0
277 57 57 57 6
278 18 18 18 2
279 29 29 29 0
280 31 31 31 5
281 32 32 32 2
282 12 12 12 2
283 15 15 15 0
284 17 17 17 5
285 47 47 47 2
286 50 50 50 0
287 8 8 8 2
288 11 11 11 0
289 15 15 15 5
290 44 44 44 2
291 53 53 53 0
292 54 54 54 2
293 20 20 20 2
294 27 27 27 0
295 57 57 57 6
296 36 36 36 2
297 39 39 39 0
298 40 40 40 5
299 41 41 41 2
300 4 4 4 2
301 7 7 7 0
302 12 12 12 5
303 48 48 48 2
304 51 51 51 0
305 24 24 24 2
306 41 41 41 0
307 45 45 45 5
308 49 49 49 2
309 52 52 52 0
310 53 53 53 3
311 54 54 54 2
312 35 35 35 2
313 38 38 38 0
314 57 57 57 6
315 21 21 21 2
316 34 34 34 0
317 37 37 37 5
318 39 39 39 2
319 27 27 27 2
320 33 33 33 0
321 35 35 35 5
322 48 48 48 2
323 51 51 51 7
324 44 44 44 2
325 47 47 47 0
326 48 48 48 5
327 50 50 50 2
328 53 53 53 0
329 54 54 54 2
330 33 33 33 2
331 44 44 44 0
332 57 57 57 6
