CC1 95 98 102 105 110 113 117 120 125 128 132 135 180 268 324                 	| R0: 0 R1: 0 R2: 15 R3: 0 R4: 0 R5: 0 R6: 0 R7: 0 R8: 0 
CC2 95 98 102 105 110 113 117 120 125 128 132 135 180 268 319 324               	| R0: 0 R1: 0 R2: 16 R3: 0 R4: 0 R5: 0 R6: 0 R7: 0 R8: 0 
CC3 95 98 102 105 110 113 117 120 125 128 132 135 158 180 268 296 319 324           	| R0: 0 R1: 0 R2: 18 R3: 0 R4: 0 R5: 0 R6: 0 R7: 0 R8: 0 
CC4 25 67 111 114 118 121 126 129 133 136 147 150 158 162 165 240 244 249 296 300 315 319   	| R0: 8 R1: 0 R2: 14 R3: 0 R4: 0 R5: 0 R6: 0 R7: 0 R8: 0 
CC5 25 67 96 99 103 106 112 115 119 122 127 130 134 137 143 147 150 158 162 165 240 244 249 259 296 300 315 	| R0: 4 R1: 0 R2: 15 R3: 0 R4: 0 R5: 8 R6: 0 R7: 0 R8: 0 
CC6 25 67 97 100 104 107 116 123 131 138 143 147 150 159 162 165 181 240 244 249 259 297 300 315 320 	| R0: 4 R1: 0 R2: 17 R3: 0 R4: 0 R5: 4 R6: 0 R7: 0 R8: 0 
CC7 21 26 81 101 108 116 123 131 138 143 160 166 173 182 194 207 241 250 259 263 269 298   	| R0: 5 R1: 0 R2: 14 R3: 0 R4: 0 R5: 3 R6: 0 R7: 0 R8: 0 
CC8 21 27 30 68 81 101 108 116 123 131 138 140 155 167 173 194 207 212 242 245 263 316 321 325 	| R0: 4 R1: 0 R2: 16 R3: 0 R4: 0 R5: 4 R6: 0 R7: 0 R8: 0 
CC9 21 28 30 81 101 108 124 139 140 151 155 163 173 177 185 194 207 212 246 251 260 263 270 301 305 317 	| R0: 4 R1: 0 R2: 16 R3: 0 R4: 0 R5: 4 R6: 0 R7: 2 R8: 0 
CC10 22 28 30 40 44 69 109 140 144 152 155 164 170 174 177 185 208 212 222 243 247 261 305 318 322 	| R0: 4 R1: 0 R2: 16 R3: 0 R4: 0 R5: 4 R6: 0 R7: 1 R8: 0 
CC11 23 28 31 40 44 141 145 148 156 168 170 175 177 185 189 203 209 222 243 247 252 305 318 322 	| R0: 4 R1: 0 R2: 16 R3: 0 R4: 0 R5: 4 R6: 0 R7: 0 R8: 0 
CC12 24 32 40 44 58 62 142 149 157 168 170 178 186 189 195 203 222 243 247 252 278 318 322 	| R0: 3 R1: 0 R2: 16 R3: 0 R4: 0 R5: 4 R6: 0 R7: 0 R8: 0 
CC13 6 24 33 41 45 58 62 70 77 82 146 153 168 171 179 189 196 203 248 252 278 282 287 	| R0: 4 R1: 0 R2: 16 R3: 0 R4: 0 R5: 2 R6: 0 R7: 1 R8: 0 
CC14 6 24 33 42 46 58 62 70 77 83 146 153 161 172 183 190 204 226 253 264 271 278 282 287 323 	| R0: 4 R1: 0 R2: 16 R3: 0 R4: 0 R5: 4 R6: 0 R7: 1 R8: 0 
CC15 6 16 29 33 43 47 59 63 70 77 146 153 161 176 183 187 191 223 226 254 265 271 279 282 287 326 	| R0: 4 R1: 0 R2: 16 R3: 1 R4: 0 R5: 4 R6: 0 R7: 1 R8: 0 
CC16 1 11 16 34 43 47 49 60 64 78 86 154 161 176 183 197 226 231 271 280 288 302 327 	| R0: 3 R1: 0 R2: 15 R3: 0 R4: 0 R5: 4 R6: 0 R7: 1 R8: 0 
CC17 0 1 11 16 35 43 47 49 61 65 79 86 169 176 192 197 205 213 231 266 283 289 306 327 	| R0: 3 R1: 0 R2: 15 R3: 1 R4: 0 R5: 3 R6: 0 R7: 1 R8: 1 
CC18 0 1 11 48 49 61 65 80 86 184 192 197 214 224 227 231 262 266 284 290 327     	| R0: 2 R1: 0 R2: 14 R3: 0 R4: 0 R5: 3 R6: 0 R7: 1 R8: 1 
CC19 0 50 61 65 80 84 87 188 192 206 210 215 225 228 232 262 266 285 290 299 303 307   	| R0: 3 R1: 0 R2: 16 R3: 0 R4: 0 R5: 2 R6: 0 R7: 0 R8: 1 
CC20 0 2 7 17 51 80 84 88 188 206 210 215 225 229 233 262 281 285 290 299 303 308   	| R0: 3 R1: 0 R2: 15 R3: 0 R4: 0 R5: 3 R6: 0 R7: 0 R8: 1 
CC21 0 3 12 52 66 84 89 188 206 210 215 225 229 234 281 285 299 303 308 328       	| R0: 3 R1: 0 R2: 15 R3: 0 R4: 0 R5: 1 R6: 0 R7: 0 R8: 1 
CC22 0 18 37 52 55 71 74 89 92 193 200 211 219 229 234 237 256 267 275 281 293 304 308 330 	| R0: 3 R1: 0 R2: 17 R3: 0 R4: 0 R5: 1 R6: 0 R7: 2 R8: 1 
CC23 0 13 37 52 55 72 74 85 89 92 200 216 219 230 234 237 256 272 275 286 293 309 312 330 	| R0: 5 R1: 0 R2: 15 R3: 1 R4: 0 R5: 1 R6: 0 R7: 1 R8: 1 
CC24 0 8 37 53 55 74 90 92 198 200 217 219 235 237 256 273 275 291 293 310 312 330   	| R0: 5 R1: 0 R2: 12 R3: 3 R4: 0 R5: 1 R6: 0 R7: 0 R8: 1 
CC25 4 9 14 19 36 38 54 73 75 91 199 218 236 238 255 274 276 292 311 312 329     	| R0: 4 R1: 0 R2: 17 R3: 0 R4: 0 R5: 0 R6: 0 R7: 0 R8: 0 
CC26 4 9 14 19 36 54 56 73 91 93 199 218 236 255 257 274 292 294 311 329       	| R0: 4 R1: 0 R2: 16 R3: 0 R4: 0 R5: 0 R6: 0 R7: 0 R8: 0 
CC27 4 9 14 19 36 54 73 91 199 201 218 220 236 255 274 292 311 313 329 331       	| R0: 4 R1: 0 R2: 16 R3: 0 R4: 0 R5: 0 R6: 0 R7: 0 R8: 0 
CC28 5 10 15 20 39 57 76 94 202 221 239 258 277 295 314 332               	| R0: 0 R1: 0 R2: 0 R3: 0 R4: 0 R5: 0 R6: 16 R7: 0 R8: 0 
R0 8
R1 0
R2 18
R3 3
R4 0
R5 8
R6 16
R7 2
R8 1
