0 4 5 27
1 4 4 2
2 3 4 1
3 5 5 1
4 6 6 1
5 7 7 3
6 8 14 3
7 4 5 3
8 4 4 4
9 4 4 21
10 5 5 2
11 6 6 3
12 7 10 2
13 11 11 15
14 10 10 15
15 11 11 2
16 12 17 7
17 4 5 28
18 4 4 29
19 4 4 30
20 5 5 4
21 6 6 2
22 7 10 1
23 11 12 1
24 11 11 4
25 12 12 2
26 13 17 2
27 10 10 14
28 9 9 14
29 9 9 4
30 10 10 4
31 11 11 14
32 12 14 8
33 15 15 0
34 14 14 4
35 15 15 3
36 16 17 0
37 13 13 1
38 12 12 5
39 12 12 4
40 13 13 0
41 14 14 1
42 15 15 5
43 14 14 6
44 15 15 4
45 16 17 3
46 12 12 14
47 13 13 4
48 14 14 0
49 12 12 9
50 13 13 5
51 14 14 5
52 15 17 1
