0 10 10 6
1 9 9 10
2 4 9 4
3 10 10 2
4 11 11 3
5 12 12 10
6 4 5 3
7 4 4 30
8 3 4 59
9 5 5 6
10 6 6 0
11 7 7 3
12 4 5 10
13 4 4 38
14 4 4 31
15 5 5 5
16 6 6 3
17 7 7 0
18 8 10 3
19 11 12 4
20 13 13 10
21 12 12 3
22 11 11 6
23 11 11 7
24 12 12 5
25 13 13 8
26 14 18 4
27 12 12 19
28 11 11 8
29 11 11 9
30 12 12 6
31 13 13 13
32 14 14 3
33 5 6 7
34 5 5 2
35 4 5 37
36 6 6 5
37 7 7 5
38 8 8 0
39 5 6 1
40 5 5 0
41 4 5 9
42 6 6 6
43 7 7 1
44 8 8 1
45 9 11 5
46 12 14 2
47 15 15 0
48 14 14 12
49 13 13 1
50 13 13 3
51 14 14 11
52 15 15 10
53 16 18 5
54 13 13 4
55 12 12 7
56 12 12 8
57 13 13 5
58 14 14 10
59 15 15 9
60 9 9 9
61 5 5 8
62 4 5 48
63 6 9 8
64 10 10 4
65 11 11 1
66 9 9 1
67 5 5 21
68 4 5 51
69 6 9 2
70 10 10 1
71 11 11 0
72 12 14 0
73 15 15 8
74 16 16 3
75 15 15 7
76 14 14 8
77 14 14 1
78 15 15 6
79 16 16 2
80 17 18 1
81 13 13 6
82 12 12 1
83 12 12 20
84 13 13 7
85 14 14 7
86 15 15 5
87 9 9 7
88 4 4 52
89 4 4 53
90 5 9 28
91 10 10 7
92 11 11 10
93 9 9 0
94 8 8 5
95 4 8 47
96 9 9 6
97 10 10 0
98 11 11 2
99 12 14 9
100 15 15 3
101 16 16 1
102 15 15 1
103 14 14 5
104 14 14 6
105 15 15 2
106 16 16 0
107 17 18 0
