LC 16
0 7
1 6
2 3
3 9
4 10
5 11
6 1
7 1
8 2
9 4
10 5
11 6
12 1
13 1
14 3
15 4
16 5
17 6
18 7
19 8
20 12
21 9
22 8
23 10
24 11
25 12
26 13
27 9
28 8
29 10
30 11
31 12
32 13
33 2
34 2
35 3
36 5
37 6
38 7
39 2
40 2
41 3
42 5
43 6
44 7
45 8
46 9
47 14
48 11
49 10
50 12
51 13
52 14
53 15
54 10
55 9
56 11
57 12
58 13
59 14
60 6
61 2
62 3
63 5
64 9
65 10
66 6
67 2
68 3
69 5
70 9
71 10
72 11
73 12
74 15
75 12
76 11
77 13
78 14
79 15
80 16
81 10
82 9
83 11
84 12
85 13
86 14
87 6
88 1
89 3
90 4
91 9
92 10
93 6
94 5
95 3
96 8
97 9
98 10
99 11
100 12
101 15
102 12
103 11
104 13
105 14
106 15
107 16
