0 22 25 25
1 20 20 22
2 21 25 26
3 22 24 23
4 25 25 19
5 26 28 2
6 20 20 15
7 21 25 15
8 22 24 8
9 25 25 11
10 26 28 5
11 20 20 26
12 21 25 22
13 22 24 7
14 25 25 18
15 26 28 11
16 20 20 20
17 21 25 20
18 22 24 28
19 25 25 30
20 26 28 12
21 7 7 18
22 8 8 0
23 9 11 16
24 12 12 38
25 7 7 20
26 8 8 1
27 9 11 17
28 12 12 19
29 13 13 30
30 7 7 39
31 8 8 2
32 9 11 18
33 12 13 29
34 14 14 21
35 15 24 18
36 25 26 3
37 25 25 14
38 26 26 1
39 27 28 4
40 7 7 24
41 8 8 5
42 9 11 19
43 12 12 33
44 7 7 30
45 8 8 7
46 9 11 20
47 12 12 43
48 13 13 18
49 7 7 35
50 8 8 9
51 9 11 21
52 12 13 16
53 14 24 16
54 25 26 13
55 25 25 4
56 26 26 14
57 27 28 14
58 7 7 37
59 8 8 10
60 9 11 67
61 12 12 36
62 7 7 43
63 8 8 15
64 9 11 22
65 12 12 42
66 13 13 33
67 7 7 48
68 8 8 16
69 9 11 23
70 12 13 21
71 14 14 18
72 15 24 21
73 25 26 27
74 25 25 23
75 26 26 24
76 27 28 8
77 7 7 53
78 8 8 18
79 9 11 24
80 12 12 30
81 7 7 56
82 8 8 20
83 9 11 25
84 12 12 24
85 13 13 28
86 7 7 61
87 8 8 21
88 9 11 28
89 12 13 17
90 14 24 17
91 25 26 32
92 25 25 12
93 26 26 21
94 27 28 10
95 7 7 65
96 8 8 22
97 9 11 29
98 7 7 70
99 8 8 23
100 9 11 30
101 12 12 45
102 7 7 73
103 8 8 25
104 9 11 33
105 7 7 19
106 8 8 28
107 9 11 34
108 12 12 44
109 13 21 25
110 7 7 23
111 8 8 29
112 9 11 35
113 7 7 29
114 8 8 30
115 9 11 36
116 12 12 39
117 7 7 34
118 8 8 33
119 9 11 37
120 7 7 57
121 8 8 34
122 9 11 38
123 12 12 37
124 13 21 24
125 7 7 51
126 8 8 68
127 9 11 39
128 7 7 38
129 8 8 65
130 9 11 42
131 12 12 35
132 7 7 28
133 8 8 64
134 9 11 43
135 7 7 47
136 8 8 36
137 9 11 44
138 12 12 34
139 13 21 23
140 7 7 71
141 8 8 51
142 9 11 45
143 7 7 21
144 8 8 55
145 9 11 46
146 12 12 28
147 7 7 33
148 8 8 63
149 9 11 47
150 7 7 36
151 8 8 66
152 9 11 48
153 12 12 25
154 13 15 22
155 7 7 75
156 8 8 53
157 9 11 49
158 7 7 52
159 8 8 35
160 9 11 50
161 12 12 23
162 7 7 54
163 8 8 45
164 9 11 51
165 7 7 55
166 8 8 61
167 9 11 52
168 12 12 22
169 13 15 20
170 7 7 64
171 8 8 37
172 9 11 53
173 7 7 66
174 8 8 42
175 9 11 54
176 12 12 20
177 7 7 72
178 8 8 46
179 9 11 55
180 7 7 74
181 8 8 49
182 9 11 56
183 12 12 18
184 13 15 19
185 8 8 70
186 9 9 57
187 10 15 9
188 16 16 36
189 8 8 57
190 9 9 60
191 10 15 5
192 16 16 35
193 17 22 9
194 17 17 13
195 18 18 8
196 19 21 8
197 22 22 6
198 23 25 9
199 26 26 22
200 25 25 21
201 26 26 19
202 27 28 9
203 8 8 6
204 9 9 61
205 10 15 65
206 16 16 15
207 8 8 17
208 9 9 62
209 10 15 1
210 16 16 10
211 17 17 26
212 8 8 24
213 9 9 63
214 10 15 70
215 16 17 8
216 18 18 10
217 19 24 13
218 25 26 17
219 25 25 16
220 26 26 16
221 27 28 13
222 8 8 39
223 9 9 64
224 10 15 68
225 16 16 1
226 8 8 67
227 9 9 65
228 10 15 66
229 16 16 20
230 17 22 19
231 17 17 1
232 18 18 2
233 19 21 2
234 22 22 2
235 23 25 5
236 26 26 23
237 25 25 29
238 26 26 9
239 27 28 15
240 8 8 52
241 9 9 66
242 10 15 60
243 16 16 5
244 8 8 44
245 9 9 68
246 10 15 6
247 16 16 33
248 17 17 20
249 8 8 56
250 9 9 70
251 10 15 15
252 16 17 2
253 18 18 0
254 19 24 1
255 25 26 7
256 25 25 8
257 26 26 8
258 27 28 1
259 8 8 19
260 9 9 0
261 10 15 2
262 16 16 34
263 8 8 8
264 9 9 1
265 10 15 63
266 16 16 30
267 17 17 10
268 8 8 60
269 9 9 2
270 10 15 62
271 16 17 22
272 18 18 13
273 19 24 10
274 25 26 28
275 25 25 24
276 26 26 6
277 27 28 6
278 8 8 54
279 9 9 5
280 10 15 61
281 16 16 9
282 8 8 50
283 9 9 6
284 10 15 57
285 16 16 29
286 17 22 14
287 17 17 15
288 18 18 7
289 19 21 7
290 22 22 29
291 23 25 6
292 26 26 18
293 25 25 31
294 26 26 20
295 27 28 7
296 8 8 47
297 9 9 7
298 10 15 10
299 16 16 7
300 8 8 43
301 9 9 8
302 10 15 0
303 16 16 0
304 17 17 0
305 8 8 38
306 9 9 9
307 10 15 7
308 16 17 6
309 18 18 1
310 19 24 0
311 25 26 0
312 25 25 1
313 26 26 10
314 27 28 3
315 8 8 62
316 9 9 10
317 10 15 64
318 16 16 19
319 8 8 48
320 9 9 15
321 10 15 8
322 16 16 28
323 17 22 5
324 17 17 7
325 18 18 6
326 19 21 6
327 22 22 24
328 23 25 2
329 26 26 15
330 25 25 10
331 26 26 4
332 27 28 0
