LC 26
0 14
1 17
2 20
3 21
4 22
5 25
6 17
7 20
8 21
9 22
10 25
11 17
12 20
13 21
14 22
15 25
16 17
17 20
18 21
19 22
20 25
21 4
22 7
23 8
24 9
25 4
26 7
27 8
28 9
29 12
30 4
31 7
32 8
33 9
34 13
35 14
36 22
37 22
38 25
39 26
40 4
41 7
42 8
43 9
44 4
45 7
46 8
47 9
48 12
49 4
50 7
51 8
52 9
53 13
54 22
55 22
56 25
57 26
58 4
59 7
60 8
61 9
62 4
63 7
64 8
65 9
66 12
67 4
68 7
69 8
70 9
71 13
72 14
73 22
74 22
75 25
76 26
77 4
78 7
79 8
80 9
81 4
82 7
83 8
84 9
85 12
86 4
87 7
88 8
89 9
90 13
91 22
92 22
93 25
94 26
95 4
96 7
97 8
98 4
99 7
100 8
101 9
102 4
103 7
104 8
105 4
106 7
107 8
108 9
109 12
110 4
111 7
112 8
113 4
114 7
115 8
116 9
117 4
118 7
119 8
120 4
121 7
122 8
123 9
124 12
125 4
126 7
127 8
128 4
129 7
130 8
131 9
132 4
133 7
134 8
135 4
136 7
137 8
138 9
139 12
140 4
141 7
142 8
143 4
144 7
145 8
146 9
147 4
148 7
149 8
150 4
151 7
152 8
153 9
154 12
155 4
156 7
157 8
158 4
159 7
160 8
161 9
162 4
163 7
164 8
165 4
166 7
167 8
168 9
169 12
170 4
171 7
172 8
173 4
174 7
175 8
176 9
177 4
178 7
179 8
180 4
181 7
182 8
183 9
184 12
185 5
186 8
187 9
188 13
189 5
190 8
191 9
192 13
193 16
194 14
195 17
196 18
197 19
198 22
199 23
200 22
201 25
202 26
203 5
204 8
205 9
206 13
207 5
208 8
209 9
210 13
211 16
212 5
213 8
214 9
215 13
216 17
217 18
218 22
219 22
220 25
221 26
222 5
223 8
224 9
225 13
226 5
227 8
228 9
229 13
230 16
231 14
232 17
233 18
234 19
235 22
236 23
237 22
238 25
239 26
240 5
241 8
242 9
243 13
244 5
245 8
246 9
247 13
248 16
249 5
250 8
251 9
252 13
253 17
254 18
255 22
256 22
257 25
258 26
259 5
260 8
261 9
262 13
263 5
264 8
265 9
266 13
267 16
268 5
269 8
270 9
271 13
272 17
273 18
274 22
275 22
276 25
277 26
278 5
279 8
280 9
281 13
282 5
283 8
284 9
285 13
286 16
287 14
288 17
289 18
290 19
291 22
292 23
293 22
294 25
295 26
296 5
297 8
298 9
299 13
300 5
301 8
302 9
303 13
304 16
305 5
306 8
307 9
308 13
309 17
310 18
311 22
312 22
313 25
314 26
315 5
316 8
317 9
318 13
319 5
320 8
321 9
322 13
323 16
324 14
325 17
326 18
327 19
328 22
329 23
330 22
331 25
332 26
