0 4 6 7
1 7 7 23
2 8 8 21
3 9 11 18
4 4 6 1
5 7 7 22
6 8 8 19
7 9 11 10
8 5 7 4
9 8 8 18
10 9 9 6
11 10 12 6
12 5 7 16
13 8 8 17
14 9 9 24
15 10 12 24
16 6 6 26
17 7 7 5
18 8 11 15
19 12 12 3
20 6 6 27
21 7 7 6
22 8 11 13
23 12 12 10
24 13 13 9
25 6 6 30
26 7 7 8
27 8 12 11
28 13 13 7
29 14 14 6
30 6 6 22
31 7 7 21
32 8 12 9
33 13 14 5
34 15 15 2
35 5 7 25
36 8 8 6
37 9 15 21
38 16 20 0
39 6 6 0
40 7 7 3
41 8 11 5
42 12 12 13
43 6 6 9
44 7 7 17
45 8 11 4
46 12 12 15
47 13 13 3
48 6 6 24
49 7 7 1
50 8 12 2
51 13 13 1
52 14 14 1
53 7 7 0
54 8 8 1
55 9 12 16
56 13 14 0
57 15 15 0
58 5 7 20
59 8 8 24
60 9 15 19
61 16 20 3
62 6 6 19
63 7 7 10
64 8 11 23
65 12 12 18
66 6 6 23
67 7 7 24
68 8 11 25
69 12 12 0
70 13 13 13
71 7 7 2
72 8 8 22
73 9 12 22
74 13 13 11
75 14 14 3
76 7 7 9
77 8 8 16
78 9 12 17
79 13 14 2
80 15 15 1
81 4 6 8
82 7 7 15
83 8 15 20
84 16 20 1
85 6 6 11
86 7 7 11
87 8 11 0
88 12 12 4
89 6 6 10
90 7 7 19
91 8 11 3
92 12 12 5
93 13 13 4
94 7 7 13
95 8 8 7
96 9 12 1
97 13 13 6
98 14 14 4
99 7 7 18
100 8 8 10
101 9 12 7
102 13 14 10
103 15 15 3
104 4 6 13
105 7 7 7
106 8 15 8
107 16 20 2
108 19 20 4
