LC 18
0 3
1 4
2 7
3 8
4 3
5 4
6 7
7 8
8 4
9 5
10 8
11 9
12 4
13 5
14 8
15 9
16 3
17 6
18 7
19 9
20 3
21 6
22 7
23 9
24 12
25 3
26 6
27 7
28 10
29 13
30 3
31 6
32 7
33 10
34 14
35 4
36 5
37 8
38 15
39 3
40 6
41 7
42 9
43 3
44 6
45 7
46 9
47 12
48 3
49 6
50 7
51 10
52 13
53 4
54 7
55 8
56 10
57 14
58 4
59 5
60 8
61 15
62 3
63 6
64 7
65 9
66 3
67 6
68 7
69 9
70 12
71 4
72 7
73 8
74 10
75 13
76 4
77 7
78 8
79 10
80 14
81 3
82 4
83 7
84 15
85 3
86 6
87 7
88 9
89 3
90 6
91 7
92 9
93 12
94 4
95 7
96 8
97 10
98 13
99 4
100 7
101 8
102 10
103 14
104 3
105 4
106 7
107 15
108 18
