LC 28
0 26
1 3
2 3
3 4
4 5
5 6
6 7
7 8
8 3
9 3
10 4
11 5
12 6
13 7
14 8
15 9
16 10
17 3
18 3
19 4
20 5
21 6
22 7
23 8
24 3
25 3
26 4
27 5
28 6
29 7
30 8
31 9
32 10
33 16
34 17
35 18
36 16
37 17
38 18
39 21
40 22
41 25
42 19
43 20
44 21
45 19
46 20
47 21
48 24
49 25
50 3
51 3
52 4
53 5
54 6
55 7
56 8
57 3
58 3
59 4
60 5
61 6
62 7
63 8
64 9
65 10
66 3
67 3
68 4
69 5
70 6
71 7
72 8
73 3
74 3
75 4
76 5
77 6
78 7
79 8
80 9
81 10
82 17
83 18
84 19
85 17
86 18
87 19
88 22
89 23
90 26
91 19
92 20
93 21
94 19
95 20
96 21
97 24
98 25
99 3
100 3
101 4
102 5
103 6
104 7
105 8
106 3
107 3
108 4
109 5
110 6
111 7
112 8
113 9
114 10
115 3
116 3
117 4
118 5
119 6
120 7
121 8
122 3
123 2
124 4
125 5
126 6
127 7
128 8
129 9
130 10
131 17
132 18
133 19
134 17
135 18
136 19
137 22
138 23
139 26
140 20
141 21
142 22
143 20
144 21
145 22
146 25
147 26
148 10
149 2
150 4
151 5
152 6
153 13
154 14
155 10
156 2
157 4
158 5
159 6
160 13
161 14
162 15
163 16
164 10
165 2
166 4
167 5
168 6
169 13
170 14
171 10
172 2
173 4
174 5
175 6
176 13
177 14
178 15
179 16
180 17
181 18
182 19
183 17
184 18
185 19
186 22
187 23
188 26
189 20
190 21
191 22
192 20
193 21
194 22
195 25
196 26
