0 29 30 0
1 6 7 5
2 6 6 6
3 5 5 11
4 6 6 7
5 7 7 4
6 8 8 4
7 9 9 4
8 6 7 11
9 6 6 12
10 5 5 35
11 6 6 13
12 7 7 10
13 8 8 5
14 9 9 5
15 10 12 4
16 13 23 4
17 6 7 19
18 6 6 26
19 5 5 48
20 6 6 38
21 7 7 29
22 8 8 7
23 9 9 7
24 6 7 59
25 6 6 64
26 5 5 49
27 6 6 65
28 7 7 36
29 8 8 8
30 9 9 8
31 10 12 6
32 13 23 7
33 17 17 1
34 18 20 12
35 21 21 22
36 17 17 0
37 18 20 3
38 21 21 3
39 22 24 14
40 25 27 7
41 28 30 7
42 20 20 16
43 21 23 16
44 24 24 10
45 20 20 19
46 21 23 20
47 24 24 4
48 25 27 1
49 28 30 1
50 6 7 69
51 6 6 70
52 5 5 4
53 6 6 71
54 7 7 16
55 8 8 13
56 9 9 13
57 6 7 9
58 6 6 10
59 5 5 5
60 6 6 14
61 7 7 35
62 8 8 18
63 9 9 10
64 10 12 5
65 13 23 8
66 6 7 8
67 6 6 16
68 5 5 10
69 6 6 17
70 7 7 7
71 8 8 11
72 9 9 9
73 6 7 31
74 6 6 35
75 5 5 16
76 6 6 36
77 7 7 32
78 8 8 14
79 9 9 11
80 10 12 8
81 13 23 10
82 18 18 2
83 19 21 6
84 22 22 0
85 18 18 1
86 19 21 5
87 22 22 21
88 23 25 3
89 26 28 4
90 29 30 5
91 20 20 17
92 21 23 19
93 24 24 7
94 20 20 18
95 21 23 23
96 24 24 8
97 25 27 2
98 28 30 2
99 6 7 45
100 6 6 50
101 5 5 17
102 6 6 51
103 7 7 6
104 8 8 9
105 9 9 18
106 6 7 52
107 6 6 66
108 5 5 29
109 6 6 67
110 7 7 13
111 8 8 16
112 9 9 14
113 10 12 9
114 13 24 11
115 6 7 68
116 6 6 49
117 5 5 30
118 6 6 48
119 7 7 18
120 8 8 6
121 9 9 6
122 6 7 30
123 5 6 40
124 5 5 31
125 6 6 18
126 7 7 14
127 8 8 10
128 9 9 16
129 10 12 7
130 13 24 9
131 18 18 15
132 19 21 0
133 22 22 17
134 18 18 0
135 19 21 1
136 22 22 3
137 23 25 0
138 26 28 0
139 29 30 8
140 21 21 12
141 22 24 18
142 25 25 6
143 21 21 21
144 22 24 1
145 25 25 4
146 26 28 5
147 29 30 4
148 13 13 14
149 5 6 32
150 5 5 36
151 6 6 29
152 7 13 12
153 14 14 13
154 15 15 12
155 13 13 13
156 5 6 37
157 5 5 38
158 6 6 15
159 7 13 17
160 14 14 12
161 15 15 13
162 16 18 6
163 19 24 2
164 13 13 6
165 5 6 42
166 5 5 43
167 6 6 4
168 7 13 15
169 14 14 5
170 15 15 5
171 13 13 5
172 5 6 44
173 5 5 45
174 6 6 43
175 7 13 26
176 14 14 6
177 15 15 6
178 16 18 5
179 19 24 15
180 18 18 14
181 19 21 14
182 22 22 13
183 18 18 13
184 19 21 13
185 22 22 5
186 23 25 5
187 26 28 6
188 29 30 6
189 21 21 17
190 22 24 12
191 25 25 9
192 21 21 18
193 22 24 6
194 25 25 8
195 26 28 3
196 29 30 3
