0 5 5 10
1 6 8 10
2 4 4 2
3 5 7 1
4 4 4 10
5 5 7 2
6 8 8 44
7 9 9 6
8 7 7 11
9 8 16 45
10 7 7 31
11 8 16 1
12 10 10 16
13 7 10 34
14 11 16 0
15 10 10 12
16 11 13 30
17 13 13 15
18 14 16 2
19 10 10 6
20 11 13 38
21 13 13 26
22 14 16 16
23 10 10 29
24 11 13 25
25 13 13 16
26 14 16 3
27 7 10 35
28 10 10 10
29 11 16 10
30 7 7 38
31 8 13 2
32 13 13 12
33 14 16 14
34 7 7 42
35 8 13 11
36 13 13 6
37 14 16 12
38 7 7 44
39 8 12 31
40 12 12 12
41 13 16 37
42 8 8 38
43 9 16 5
44 8 8 42
45 9 16 7
46 7 7 45
47 8 8 39
48 9 11 15
49 11 11 12
50 12 16 32
51 10 10 0
52 11 11 16
53 12 12 26
54 13 13 36
55 13 13 33
56 14 16 6
57 9 9 16
58 10 10 39
59 11 11 32
60 12 12 16
61 12 12 15
62 13 16 34
63 9 9 0
64 10 10 25
65 11 11 6
66 12 14 28
67 14 14 8
68 15 16 8
69 12 12 6
70 13 13 31
71 14 14 17
72 14 14 9
73 15 16 11
74 9 9 12
75 10 10 37
76 11 11 37
77 12 14 29
78 14 14 11
79 15 16 15
80 9 9 25
81 10 10 32
82 11 11 34
83 12 14 20
84 14 14 4
85 15 16 4
86 9 9 10
87 10 10 38
88 11 11 29
89 12 14 19
90 14 14 15
91 15 16 9
92 4 4 13
93 5 16 24
94 4 4 24
95 5 16 13
96 3 6 11
97 6 6 31
98 7 16 27
99 2 2 11
100 3 6 27
101 6 6 34
102 7 16 46
103 2 2 35
104 3 10 30
105 11 16 35
