LC 14
0 2
1 5
2 3
3 4
4 3
5 4
6 5
7 8
8 6
9 7
10 6
11 7
12 9
13 6
14 10
15 9
16 10
17 12
18 13
19 9
20 10
21 12
22 13
23 9
24 10
25 12
26 13
27 6
28 9
29 10
30 6
31 7
32 12
33 13
34 6
35 7
36 12
37 13
38 6
39 7
40 11
41 12
42 7
43 8
44 7
45 8
46 6
47 7
48 8
49 10
50 11
51 9
52 10
53 11
54 12
55 12
56 13
57 8
58 9
59 10
60 11
61 11
62 12
63 8
64 9
65 10
66 11
67 13
68 14
69 11
70 12
71 13
72 13
73 14
74 8
75 9
76 10
77 11
78 13
79 14
80 8
81 9
82 10
83 11
84 13
85 14
86 8
87 9
88 10
89 11
90 13
91 14
92 3
93 4
94 3
95 4
96 2
97 5
98 6
99 1
100 2
101 5
102 6
103 1
104 2
105 3
