Latency Constraint 19
0 2 2 2 0
1 7 7 7 2
2 10 10 10 0
3 11 11 11 5
4 1 1 1 0
5 2 2 2 2
6 5 5 5 0
7 7 7 7 5
8 1 1 1 0
9 9 9 9 2
10 12 12 12 0
11 13 13 13 5
12 2 2 2 0
13 4 4 4 2
14 13 13 13 0
15 14 14 14 5
16 1 1 1 2
17 6 6 6 0
18 9 9 9 5
19 12 12 12 2
20 1 1 1 2
21 4 4 4 0
22 5 5 5 5
23 10 10 10 2
24 15 15 15 0
25 4 4 4 2
26 7 7 7 0
27 12 12 12 5
28 14 14 14 2
29 17 17 17 0
30 1 1 1 2
31 5 5 5 0
32 14 14 14 5
33 15 15 15 2
34 18 18 18 0
35 1 1 1 0
36 11 11 11 2
37 14 14 14 0
38 19 19 19 6
39 1 1 1 2
40 9 9 9 0
41 10 10 10 5
42 12 12 12 2
43 6 6 6 2
44 9 9 9 0
45 10 10 10 5
46 11 11 11 2
47 16 16 16 0
48 9 9 9 2
49 12 12 12 0
50 13 13 13 5
51 14 14 14 2
52 17 17 17 0
53 1 1 1 2
54 5 5 5 0
55 6 6 6 5
56 15 15 15 2
57 18 18 18 0
58 3 3 3 0
59 6 6 6 2
60 14 14 14 0
61 19 19 19 6
62 6 6 6 2
63 10 10 10 0
64 11 11 11 5
65 12 12 12 2
66 1 1 1 2
67 4 4 4 0
68 5 5 5 5
69 10 10 10 2
70 16 16 16 0
71 1 1 1 2
72 6 6 6 0
73 7 7 7 5
74 14 14 14 2
75 17 17 17 0
76 7 7 7 2
77 11 11 11 0
78 12 12 12 5
79 15 15 15 2
80 18 18 18 0
81 8 8 8 0
82 9 9 9 2
83 13 13 13 0
84 19 19 19 6
85 4 4 4 2
86 7 7 7 0
87 8 8 8 5
88 12 12 12 2
89 4 4 4 2
90 7 7 7 0
91 8 8 8 5
92 9 9 9 2
93 16 16 16 0
94 8 8 8 2
95 12 12 12 0
96 13 13 13 5
97 14 14 14 2
98 17 17 17 0
99 3 3 3 2
100 8 8 8 0
101 9 9 9 5
102 15 15 15 2
103 18 18 18 0
104 3 3 3 0
105 4 4 4 2
106 11 11 11 0
107 19 19 19 6
108 15 15 15 0
Latency Constraint 19
0 2 2 2 0
1 7 7 7 2
2 10 10 10 0
3 11 11 11 5
4 1 1 1 0
5 2 2 2 2
6 5 5 5 0
7 7 7 7 5
8 1 1 1 0
9 9 9 9 2
10 12 12 12 0
11 13 13 13 5
12 2 2 2 0
13 4 4 4 2
14 13 13 13 0
15 14 14 14 5
16 1 1 1 2
17 6 6 6 0
18 9 9 9 5
19 12 12 12 2
20 1 1 1 2
21 4 4 4 0
22 5 5 5 5
23 10 10 10 2
24 15 15 15 0
25 4 4 4 2
26 7 7 7 0
27 12 12 12 5
28 14 14 14 2
29 17 17 17 0
30 1 1 1 2
31 5 5 5 0
32 14 14 14 5
33 15 15 15 2
34 18 18 18 0
35 1 1 1 0
36 11 11 11 2
37 14 14 14 0
38 19 19 19 6
39 1 1 1 2
40 9 9 9 0
41 10 10 10 5
42 12 12 12 2
43 6 6 6 2
44 9 9 9 0
45 10 10 10 5
46 11 11 11 2
47 16 16 16 0
48 9 9 9 2
49 12 12 12 0
50 13 13 13 5
51 14 14 14 2
52 17 17 17 0
53 1 1 1 2
54 5 5 5 0
55 6 6 6 5
56 15 15 15 2
57 18 18 18 0
58 3 3 3 0
59 6 6 6 2
60 14 14 14 0
61 19 19 19 6
62 6 6 6 2
63 10 10 10 0
64 11 11 11 5
65 12 12 12 2
66 1 1 1 2
67 4 4 4 0
68 5 5 5 5
69 10 10 10 2
70 16 16 16 0
71 1 1 1 2
72 6 6 6 0
73 7 7 7 5
74 14 14 14 2
75 17 17 17 0
76 7 7 7 2
77 11 11 11 0
78 12 12 12 5
79 15 15 15 2
80 18 18 18 0
81 8 8 8 0
82 9 9 9 2
83 13 13 13 0
84 19 19 19 6
85 4 4 4 2
86 7 7 7 0
87 8 8 8 5
88 12 12 12 2
89 4 4 4 2
90 7 7 7 0
91 8 8 8 5
92 9 9 9 2
93 16 16 16 0
94 8 8 8 2
95 12 12 12 0
96 13 13 13 5
97 14 14 14 2
98 17 17 17 0
99 3 3 3 2
100 8 8 8 0
101 9 9 9 5
102 15 15 15 2
103 18 18 18 0
104 3 3 3 0
105 4 4 4 2
106 11 11 11 0
107 19 19 19 6
108 15 15 15 0
Latency Constraint 19
0 2 2 2 0
1 7 7 7 2
2 10 10 10 0
3 11 11 11 5
4 1 1 1 0
5 2 2 2 2
6 5 5 5 0
7 7 7 7 5
8 1 1 1 0
9 9 9 9 2
10 12 12 12 0
11 13 13 13 5
12 2 2 2 0
13 4 4 4 2
14 13 13 13 0
15 14 14 14 5
16 1 1 1 2
17 6 6 6 0
18 9 9 9 5
19 12 12 12 2
20 1 1 1 2
21 4 4 4 0
22 5 5 5 5
23 10 10 10 2
24 15 15 15 0
25 4 4 4 2
26 7 7 7 0
27 12 12 12 5
28 14 14 14 2
29 17 17 17 0
30 1 1 1 2
31 5 5 5 0
32 14 14 14 5
33 15 15 15 2
34 18 18 18 0
35 1 1 1 0
36 11 11 11 2
37 14 14 14 0
38 19 19 19 6
39 1 1 1 2
40 9 9 9 0
41 10 10 10 5
42 12 12 12 2
43 6 6 6 2
44 9 9 9 0
45 10 10 10 5
46 11 11 11 2
47 16 16 16 0
48 9 9 9 2
49 12 12 12 0
50 13 13 13 5
51 14 14 14 2
52 17 17 17 0
53 1 1 1 2
54 5 5 5 0
55 6 6 6 5
56 15 15 15 2
57 18 18 18 0
58 3 3 3 0
59 6 6 6 2
60 14 14 14 0
61 19 19 19 6
62 6 6 6 2
63 10 10 10 0
64 11 11 11 5
65 12 12 12 2
66 1 1 1 2
67 4 4 4 0
68 5 5 5 5
69 10 10 10 2
70 16 16 16 0
71 1 1 1 2
72 6 6 6 0
73 7 7 7 5
74 14 14 14 2
75 17 17 17 0
76 7 7 7 2
77 11 11 11 0
78 12 12 12 5
79 15 15 15 2
80 18 18 18 0
81 8 8 8 0
82 9 9 9 2
83 13 13 13 0
84 19 19 19 6
85 4 4 4 2
86 7 7 7 0
87 8 8 8 5
88 12 12 12 2
89 4 4 4 2
90 7 7 7 0
91 8 8 8 5
92 9 9 9 2
93 16 16 16 0
94 8 8 8 2
95 12 12 12 0
96 13 13 13 5
97 14 14 14 2
98 17 17 17 0
99 3 3 3 2
100 8 8 8 0
101 9 9 9 5
102 15 15 15 2
103 18 18 18 0
104 3 3 3 0
105 4 4 4 2
106 11 11 11 0
107 19 19 19 6
108 15 15 15 0
Latency Constraint 19
0 3 3 3 0
1 7 7 7 2
2 10 10 10 0
3 11 11 11 5
4 1 1 1 0
5 2 2 2 2
6 5 5 5 0
7 8 8 8 5
8 1 1 1 0
9 9 9 9 2
10 12 12 12 0
11 13 13 13 5
12 5 5 5 0
13 7 7 7 2
14 13 13 13 0
15 14 14 14 5
16 1 1 1 2
17 7 7 7 0
18 8 8 8 5
19 12 12 12 2
20 1 1 1 2
21 6 6 6 0
22 7 7 7 5
23 10 10 10 2
24 15 15 15 0
25 8 8 8 2
26 12 12 12 0
27 13 13 13 5
28 14 14 14 2
29 17 17 17 0
30 10 10 10 2
31 13 13 13 0
32 14 14 14 5
33 15 15 15 2
34 18 18 18 0
35 2 2 2 0
36 11 11 11 2
37 14 14 14 0
38 19 19 19 6
39 1 1 1 2
40 5 5 5 0
41 6 6 6 5
42 12 12 12 2
43 6 6 6 2
44 9 9 9 0
45 10 10 10 5
46 11 11 11 2
47 16 16 16 0
48 8 8 8 2
49 11 11 11 0
50 12 12 12 5
51 14 14 14 2
52 17 17 17 0
53 1 1 1 2
54 4 4 4 0
55 5 5 5 5
56 15 15 15 2
57 18 18 18 0
58 2 2 2 0
59 4 4 4 2
60 14 14 14 0
61 19 19 19 6
62 1 1 1 2
63 9 9 9 0
64 10 10 10 5
65 12 12 12 2
66 1 1 1 2
67 4 4 4 0
68 6 6 6 5
69 10 10 10 2
70 15 15 15 0
71 4 4 4 2
72 7 7 7 0
73 9 9 9 5
74 14 14 14 2
75 17 17 17 0
76 4 4 4 2
77 11 11 11 0
78 12 12 12 5
79 15 15 15 2
80 18 18 18 0
81 3 3 3 0
82 4 4 4 2
83 11 11 11 0
84 19 19 19 6
85 5 5 5 2
86 10 10 10 0
87 11 11 11 5
88 13 13 13 2
89 3 3 3 2
90 6 6 6 0
91 7 7 7 5
92 9 9 9 2
93 16 16 16 0
94 7 7 7 2
95 12 12 12 0
96 13 13 13 5
97 14 14 14 2
98 17 17 17 0
99 4 4 4 2
100 8 8 8 0
101 9 9 9 5
102 15 15 15 2
103 18 18 18 0
104 6 6 6 0
105 7 7 7 2
106 14 14 14 0
107 19 19 19 6
108 19 19 19 0
Latency Constraint 19
0 3 3 3 0
1 7 7 7 2
2 10 10 10 0
3 11 11 11 5
4 1 1 1 0
5 2 2 2 2
6 5 5 5 0
7 8 8 8 5
8 1 1 1 0
9 9 9 9 2
10 12 12 12 0
11 13 13 13 5
12 5 5 5 0
13 7 7 7 2
14 13 13 13 0
15 14 14 14 5
16 1 1 1 2
17 7 7 7 0
18 8 8 8 5
19 12 12 12 2
20 1 1 1 2
21 6 6 6 0
22 7 7 7 5
23 10 10 10 2
24 15 15 15 0
25 8 8 8 2
26 12 12 12 0
27 13 13 13 5
28 14 14 14 2
29 17 17 17 0
30 10 10 10 2
31 13 13 13 0
32 14 14 14 5
33 15 15 15 2
34 18 18 18 0
35 2 2 2 0
36 11 11 11 2
37 14 14 14 0
38 19 19 19 6
39 1 1 1 2
40 5 5 5 0
41 6 6 6 5
42 12 12 12 2
43 6 6 6 2
44 9 9 9 0
45 10 10 10 5
46 11 11 11 2
47 16 16 16 0
48 8 8 8 2
49 11 11 11 0
50 12 12 12 5
51 14 14 14 2
52 17 17 17 0
53 1 1 1 2
54 4 4 4 0
55 5 5 5 5
56 15 15 15 2
57 18 18 18 0
58 2 2 2 0
59 4 4 4 2
60 14 14 14 0
61 19 19 19 6
62 1 1 1 2
63 9 9 9 0
64 10 10 10 5
65 12 12 12 2
66 1 1 1 2
67 4 4 4 0
68 6 6 6 5
69 10 10 10 2
70 15 15 15 0
71 4 4 4 2
72 7 7 7 0
73 9 9 9 5
74 14 14 14 2
75 17 17 17 0
76 4 4 4 2
77 11 11 11 0
78 12 12 12 5
79 15 15 15 2
80 18 18 18 0
81 3 3 3 0
82 4 4 4 2
83 11 11 11 0
84 19 19 19 6
85 5 5 5 2
86 10 10 10 0
87 11 11 11 5
88 13 13 13 2
89 3 3 3 2
90 6 6 6 0
91 7 7 7 5
92 9 9 9 2
93 16 16 16 0
94 7 7 7 2
95 12 12 12 0
96 13 13 13 5
97 14 14 14 2
98 17 17 17 0
99 4 4 4 2
100 8 8 8 0
101 9 9 9 5
102 15 15 15 2
103 18 18 18 0
104 6 6 6 0
105 7 7 7 2
106 14 14 14 0
107 19 19 19 6
108 19 19 19 0
