Latency Constraint 12
0 1 2
1 1 2
2 4 2
3 7 6
4 12 6
5 6 2
6 9 2
7 9 2
8 12 0
9 1 0
10 2 5
Latency Constraint 12
0 1 1 1 2
1 1 1 1 2
2 4 4 4 2
3 11 11 11 6
4 12 12 12 6
5 6 6 6 2
6 9 9 9 2
7 9 9 9 2
8 12 12 12 0
9 1 1 1 0
10 2 2 2 5
Latency Constraint 12
0 1 1 1 2
1 1 1 1 2
2 4 4 4 2
3 11 11 11 6
4 12 12 12 6
5 6 6 6 2
6 9 9 9 2
7 9 9 9 2
8 12 12 12 0
9 1 1 1 0
10 2 2 2 5
Latency Constraint 12
0 1 1 1 2
1 1 1 1 2
2 4 4 4 2
3 11 11 11 6
4 12 12 12 6
5 6 6 6 2
6 9 9 9 2
7 9 9 9 2
8 12 12 12 0
9 1 1 1 0
10 2 2 2 5
