Latency Constraint 64
0 1 1 1 2
1 1 1 1 2
2 4 4 4 2
3 7 7 7 6
4 64 64 64 6
5 58 58 58 2
6 61 61 61 2
7 1 1 1 2
8 4 4 4 0
9 15 15 15 0
10 16 16 16 5
Latency Constraint 64
0 1 1 1 2
1 1 1 1 2
2 4 4 4 2
3 7 7 7 6
4 64 64 64 6
5 58 58 58 2
6 61 61 61 2
7 1 1 1 2
8 4 4 4 0
9 15 15 15 0
10 16 16 16 5
Latency Constraint 64
0 1 1 1 2
1 1 1 1 2
2 4 4 4 2
3 7 7 7 6
4 64 64 64 6
5 58 58 58 2
6 61 61 61 2
7 1 1 1 2
8 4 4 4 0
9 15 15 15 0
10 16 16 16 5
Latency Constraint 64
0 1 1 1 2
1 1 1 1 2
2 4 4 4 2
3 7 7 7 6
4 64 64 64 6
5 58 58 58 2
6 61 61 61 2
7 1 1 1 2
8 4 4 4 0
9 15 15 15 0
10 16 16 16 5
Latency Constraint 64
0 1 1 1 2
1 1 1 1 2
2 4 4 4 2
3 7 7 7 6
4 64 64 64 6
5 58 58 58 2
6 61 61 61 2
7 1 1 1 2
8 4 4 4 0
9 15 15 15 0
10 16 16 16 5
