Latency Constraint 96
0 45 2
1 86 2
2 20 0
3 89 0
4 90 0
5 91 5
6 27 2
7 1 2
8 1 0
9 4 0
10 30 0
11 33 5
12 83 2
13 48 2
14 87 0
15 88 0
16 89 0
17 90 5
18 91 3
19 92 2
20 95 0
21 42 2
22 89 2
23 91 0
24 92 0
25 93 0
26 96 6
27 6 2
28 5 2
29 6 0
30 8 0
31 9 0
32 10 5
33 2 2
34 1 2
35 2 0
36 4 0
37 5 0
38 6 5
39 2 2
40 1 2
41 3 0
42 4 0
43 5 0
44 6 5
45 7 3
46 8 2
47 11 0
48 63 2
49 33 2
50 10 0
51 36 0
52 76 0
53 79 6
54 19 2
55 18 2
56 13 0
57 21 0
58 22 0
59 23 5
60 15 2
61 12 2
62 15 0
63 16 0
64 18 0
65 19 5
66 15 2
67 9 2
68 16 0
69 17 0
70 18 0
71 19 5
72 20 3
73 21 2
74 24 0
75 69 2
76 30 2
77 7 0
78 41 0
79 74 0
80 75 6
81 57 2
82 39 2
83 14 0
84 42 0
85 73 0
86 74 5
87 54 2
88 51 2
89 17 0
90 56 0
91 57 0
92 58 5
93 66 2
94 24 2
95 19 0
96 39 0
97 69 0
98 70 5
99 71 3
100 72 2
101 75 0
102 60 2
103 36 2
104 12 0
105 77 0
106 81 0
107 93 6
Latency Constraint 96
0 45 45 45 2
1 86 86 86 2
2 20 20 20 0
3 89 89 89 0
4 90 90 90 0
5 91 91 91 5
6 27 27 27 2
7 1 1 1 2
8 1 1 1 0
9 4 4 4 0
10 30 30 30 0
11 33 33 33 5
12 83 83 83 2
13 48 48 48 2
14 87 87 87 0
15 88 88 88 0
16 89 89 89 0
17 90 90 90 5
18 91 91 91 3
19 92 92 92 2
20 95 95 95 0
21 42 42 42 2
22 89 89 89 2
23 91 91 91 0
24 92 92 92 0
25 93 93 93 0
26 96 96 96 6
27 6 6 6 2
28 5 5 5 2
29 6 6 6 0
30 8 8 8 0
31 9 9 9 0
32 10 10 10 5
33 2 2 2 2
34 1 1 1 2
35 2 2 2 0
36 4 4 4 0
37 5 5 5 0
38 6 6 6 5
39 2 2 2 2
40 1 1 1 2
41 3 3 3 0
42 4 4 4 0
43 5 5 5 0
44 6 6 6 5
45 7 7 7 3
46 8 8 8 2
47 11 11 11 0
48 63 63 63 2
49 33 33 33 2
50 10 10 10 0
51 36 36 36 0
52 76 76 76 0
53 79 79 79 6
54 19 19 19 2
55 18 18 18 2
56 13 13 13 0
57 21 21 21 0
58 22 22 22 0
59 23 23 23 5
60 15 15 15 2
61 12 12 12 2
62 15 15 15 0
63 16 16 16 0
64 18 18 18 0
65 19 19 19 5
66 15 15 15 2
67 9 9 9 2
68 16 16 16 0
69 17 17 17 0
70 18 18 18 0
71 19 19 19 5
72 20 20 20 3
73 21 21 21 2
74 24 24 24 0
75 69 69 69 2
76 30 30 30 2
77 7 7 7 0
78 41 41 41 0
79 74 74 74 0
80 75 75 75 6
81 57 57 57 2
82 39 39 39 2
83 14 14 14 0
84 42 42 42 0
85 73 73 73 0
86 74 74 74 5
87 54 54 54 2
88 51 51 51 2
89 17 17 17 0
90 56 56 56 0
91 57 57 57 0
92 58 58 58 5
93 66 66 66 2
94 24 24 24 2
95 19 19 19 0
96 39 39 39 0
97 69 69 69 0
98 70 70 70 5
99 71 71 71 3
100 72 72 72 2
101 75 75 75 0
102 60 60 60 2
103 36 36 36 2
104 12 12 12 0
105 77 77 77 0
106 81 81 81 0
107 93 93 93 6
