Latency Constraint 28
0 17 17 17 8
1 7 7 7 2
2 21 21 21 0
3 23 23 23 5
4 25 25 25 2
5 28 28 28 6
6 7 7 7 2
7 20 20 20 0
8 21 21 21 5
9 25 25 25 2
10 28 28 28 6
11 4 4 4 2
12 22 22 22 0
13 24 24 24 5
14 25 25 25 2
15 28 28 28 6
16 3 3 3 2
17 20 20 20 0
18 22 22 22 5
19 25 25 25 2
20 28 28 28 6
21 13 13 13 2
22 16 16 16 0
23 17 17 17 5
24 19 19 19 2
25 7 7 7 2
26 17 17 17 0
27 18 18 18 5
28 19 19 19 2
29 22 22 22 7
30 15 15 15 2
31 18 18 18 0
32 19 19 19 5
33 20 20 20 2
34 23 23 23 0
35 24 24 24 3
36 25 25 25 2
37 22 22 22 2
38 25 25 25 0
39 28 28 28 6
40 7 7 7 2
41 18 18 18 0
42 19 19 19 5
43 20 20 20 2
44 9 9 9 2
45 12 12 12 0
46 13 13 13 5
47 15 15 15 2
48 23 23 23 0
49 16 16 16 2
50 19 19 19 0
51 20 20 20 5
52 21 21 21 2
53 24 24 24 0
54 25 25 25 2
55 22 22 22 2
56 26 26 26 0
57 28 28 28 6
58 13 13 13 2
59 17 17 17 0
60 18 18 18 5
61 19 19 19 2
62 14 14 14 2
63 17 17 17 0
64 18 18 18 5
65 19 19 19 2
66 22 22 22 0
67 1 1 1 2
68 11 11 11 0
69 12 12 12 5
70 13 13 13 2
71 23 23 23 0
72 24 24 24 3
73 25 25 25 2
74 22 22 22 2
75 27 27 27 0
76 28 28 28 6
77 9 9 9 2
78 12 12 12 0
79 13 13 13 5
80 14 14 14 2
81 4 4 4 2
82 9 9 9 0
83 10 10 10 5
84 14 14 14 2
85 17 17 17 7
86 16 16 16 2
87 19 19 19 0
88 20 20 20 5
89 21 21 21 2
90 24 24 24 0
91 25 25 25 2
92 22 22 22 2
93 25 25 25 0
94 28 28 28 6
95 1 1 1 2
96 9 9 9 0
97 15 15 15 5
98 1 1 1 2
99 7 7 7 0
100 8 8 8 5
101 16 16 16 2
102 1 1 1 2
103 11 11 11 0
104 12 12 12 5
105 10 10 10 2
106 13 13 13 0
107 14 14 14 5
108 16 16 16 2
109 19 19 19 7
110 1 1 1 2
111 5 5 5 0
112 6 6 6 5
113 1 1 1 2
114 6 6 6 0
115 7 7 7 5
116 8 8 8 2
117 1 1 1 2
118 5 5 5 0
119 6 6 6 5
120 4 4 4 2
121 7 7 7 0
122 8 8 8 5
123 10 10 10 2
124 13 13 13 7
125 7 7 7 2
126 13 13 13 0
127 14 14 14 5
128 5 5 5 2
129 13 13 13 0
130 14 14 14 5
131 15 15 15 2
132 4 4 4 2
133 7 7 7 0
134 9 9 9 5
135 2 2 2 2
136 5 5 5 0
137 6 6 6 5
138 10 10 10 2
139 18 18 18 7
140 8 8 8 2
141 11 11 11 0
142 12 12 12 5
143 4 4 4 2
144 10 10 10 0
145 11 11 11 5
146 13 13 13 2
147 4 4 4 2
148 8 8 8 0
149 9 9 9 5
150 4 4 4 2
151 8 8 8 0
152 9 9 9 5
153 10 10 10 2
154 16 16 16 7
155 1 1 1 2
156 6 6 6 0
157 10 10 10 5
158 7 7 7 2
159 10 10 10 0
160 11 11 11 5
161 12 12 12 2
162 7 7 7 2
163 10 10 10 0
164 11 11 11 5
165 4 4 4 2
166 8 8 8 0
167 9 9 9 5
168 12 12 12 2
169 15 15 15 7
170 1 1 1 2
171 4 4 4 0
172 5 5 5 5
173 1 1 1 2
174 4 4 4 0
175 5 5 5 5
176 6 6 6 2
177 1 1 1 2
178 4 4 4 0
179 5 5 5 5
180 1 1 1 2
181 4 4 4 0
182 5 5 5 5
183 6 6 6 2
184 9 9 9 7
185 12 12 12 2
186 15 15 15 0
187 16 16 16 5
188 17 17 17 2
189 5 5 5 2
190 15 15 15 0
191 16 16 16 5
192 17 17 17 2
193 20 20 20 7
194 15 15 15 2
195 18 18 18 0
196 19 19 19 5
197 21 21 21 2
198 24 24 24 0
199 25 25 25 2
200 22 22 22 2
201 26 26 26 0
202 28 28 28 6
203 11 11 11 2
204 14 14 14 0
205 15 15 15 5
206 16 16 16 2
207 10 10 10 2
208 13 13 13 0
209 14 14 14 5
210 17 17 17 2
211 20 20 20 0
212 13 13 13 2
213 16 16 16 0
214 17 17 17 5
215 18 18 18 2
216 21 21 21 0
217 22 22 22 3
218 25 25 25 2
219 22 22 22 2
220 27 27 27 0
221 28 28 28 6
222 13 13 13 2
223 16 16 16 0
224 17 17 17 5
225 18 18 18 2
226 4 4 4 2
227 8 8 8 0
228 11 11 11 5
229 13 13 13 2
230 21 21 21 0
231 7 7 7 2
232 14 14 14 0
233 20 20 20 5
234 21 21 21 2
235 24 24 24 0
236 25 25 25 2
237 22 22 22 2
238 25 25 25 0
239 28 28 28 6
240 12 12 12 2
241 15 15 15 0
242 16 16 16 5
243 19 19 19 2
244 10 10 10 2
245 15 15 15 0
246 16 16 16 5
247 17 17 17 2
248 22 22 22 7
249 7 7 7 2
250 18 18 18 0
251 19 19 19 5
252 20 20 20 2
253 23 23 23 0
254 24 24 24 3
255 25 25 25 2
256 22 22 22 2
257 26 26 26 0
258 28 28 28 6
259 8 8 8 2
260 12 12 12 0
261 13 13 13 5
262 18 18 18 2
263 1 1 1 2
264 5 5 5 0
265 7 7 7 5
266 18 18 18 2
267 21 21 21 7
268 7 7 7 2
269 11 11 11 0
270 12 12 12 5
271 19 19 19 2
272 22 22 22 0
273 23 23 23 3
274 25 25 25 2
275 23 23 23 2
276 26 26 26 0
277 28 28 28 6
278 11 11 11 2
279 14 14 14 0
280 15 15 15 5
281 16 16 16 2
282 4 4 4 2
283 7 7 7 0
284 8 8 8 5
285 10 10 10 2
286 19 19 19 0
287 9 9 9 2
288 12 12 12 0
289 13 13 13 5
290 14 14 14 2
291 21 21 21 0
292 25 25 25 2
293 23 23 23 2
294 27 27 27 0
295 28 28 28 6
296 6 6 6 2
297 9 9 9 0
298 10 10 10 5
299 17 17 17 2
300 3 3 3 2
301 6 6 6 0
302 7 7 7 5
303 10 10 10 2
304 20 20 20 0
305 1 1 1 2
306 6 6 6 0
307 7 7 7 5
308 20 20 20 2
309 23 23 23 0
310 24 24 24 3
311 25 25 25 2
312 22 22 22 2
313 27 27 27 0
314 28 28 28 6
315 13 13 13 2
316 16 16 16 0
317 17 17 17 5
318 19 19 19 2
319 11 11 11 2
320 14 14 14 0
321 15 15 15 5
322 16 16 16 2
323 23 23 23 7
324 10 10 10 2
325 19 19 19 0
326 20 20 20 5
327 21 21 21 2
328 24 24 24 0
329 25 25 25 2
330 4 4 4 2
331 25 25 25 0
332 28 28 28 6
Latency Constraint 28
0 17 17 17 8
1 16 16 16 2
2 20 20 20 0
3 21 21 21 5
4 25 25 25 2
5 28 28 28 6
6 13 13 13 2
7 20 20 20 0
8 24 24 24 5
9 25 25 25 2
10 28 28 28 6
11 16 16 16 2
12 21 21 21 0
13 23 23 23 5
14 25 25 25 2
15 28 28 28 6
16 15 15 15 2
17 20 20 20 0
18 22 22 22 5
19 25 25 25 2
20 28 28 28 6
21 7 7 7 2
22 10 10 10 0
23 11 11 11 5
24 12 12 12 2
25 4 4 4 2
26 7 7 7 0
27 8 8 8 5
28 9 9 9 2
29 15 15 15 7
30 8 8 8 2
31 11 11 11 0
32 12 12 12 5
33 13 13 13 2
34 16 16 16 0
35 17 17 17 3
36 25 25 25 2
37 22 22 22 2
38 25 25 25 0
39 28 28 28 6
40 10 10 10 2
41 13 13 13 0
42 14 14 14 5
43 15 15 15 2
44 10 10 10 2
45 13 13 13 0
46 14 14 14 5
47 15 15 15 2
48 18 18 18 0
49 16 16 16 2
50 19 19 19 0
51 20 20 20 5
52 21 21 21 2
53 24 24 24 0
54 25 25 25 2
55 22 22 22 2
56 26 26 26 0
57 28 28 28 6
58 12 12 12 2
59 15 15 15 0
60 16 16 16 5
61 17 17 17 2
62 12 12 12 2
63 15 15 15 0
64 16 16 16 5
65 17 17 17 2
66 21 21 21 0
67 4 4 4 2
68 8 8 8 0
69 10 10 10 5
70 13 13 13 2
71 22 22 22 0
72 23 23 23 3
73 25 25 25 2
74 22 22 22 2
75 25 25 25 0
76 28 28 28 6
77 13 13 13 2
78 16 16 16 0
79 17 17 17 5
80 18 18 18 2
81 7 7 7 2
82 13 13 13 0
83 14 14 14 5
84 19 19 19 2
85 23 23 23 7
86 16 16 16 2
87 19 19 19 0
88 20 20 20 5
89 21 21 21 2
90 24 24 24 0
91 25 25 25 2
92 22 22 22 2
93 26 26 26 0
94 28 28 28 6
95 1 1 1 2
96 5 5 5 0
97 6 6 6 5
98 1 1 1 2
99 5 5 5 0
100 6 6 6 5
101 7 7 7 2
102 1 1 1 2
103 5 5 5 0
104 6 6 6 5
105 1 1 1 2
106 5 5 5 0
107 6 6 6 5
108 7 7 7 2
109 10 10 10 7
110 1 1 1 2
111 4 4 4 0
112 5 5 5 5
113 1 1 1 2
114 4 4 4 0
115 5 5 5 5
116 6 6 6 2
117 1 1 1 2
118 4 4 4 0
119 5 5 5 5
120 1 1 1 2
121 4 4 4 0
122 5 5 5 5
123 6 6 6 2
124 9 9 9 7
125 1 1 1 2
126 4 4 4 0
127 5 5 5 5
128 1 1 1 2
129 4 4 4 0
130 5 5 5 5
131 6 6 6 2
132 1 1 1 2
133 4 4 4 0
134 5 5 5 5
135 1 1 1 2
136 4 4 4 0
137 5 5 5 5
138 6 6 6 2
139 9 9 9 7
140 8 8 8 2
141 11 11 11 0
142 12 12 12 5
143 5 5 5 2
144 10 10 10 0
145 11 11 11 5
146 13 13 13 2
147 4 4 4 2
148 11 11 11 0
149 12 12 12 5
150 4 4 4 2
151 9 9 9 0
152 10 10 10 5
153 13 13 13 2
154 16 16 16 7
155 8 8 8 2
156 11 11 11 0
157 12 12 12 5
158 3 3 3 2
159 6 6 6 0
160 7 7 7 5
161 14 14 14 2
162 4 4 4 2
163 9 9 9 0
164 10 10 10 5
165 4 4 4 2
166 7 7 7 0
167 8 8 8 5
168 11 11 11 2
169 17 17 17 7
170 10 10 10 2
171 13 13 13 0
172 14 14 14 5
173 7 7 7 2
174 10 10 10 0
175 11 11 11 5
176 15 15 15 2
177 9 9 9 2
178 12 12 12 0
179 13 13 13 5
180 1 1 1 2
181 6 6 6 0
182 7 7 7 5
183 14 14 14 2
184 18 18 18 7
185 9 9 9 2
186 12 12 12 0
187 15 15 15 5
188 19 19 19 2
189 11 11 11 2
190 14 14 14 0
191 15 15 15 5
192 17 17 17 2
193 22 22 22 7
194 7 7 7 2
195 12 12 12 0
196 13 13 13 5
197 16 16 16 2
198 24 24 24 0
199 25 25 25 2
200 22 22 22 2
201 27 27 27 0
202 28 28 28 6
203 11 11 11 2
204 14 14 14 0
205 17 17 17 5
206 19 19 19 2
207 7 7 7 2
208 10 10 10 0
209 11 11 11 5
210 19 19 19 2
211 22 22 22 0
212 8 8 8 2
213 17 17 17 0
214 18 18 18 5
215 19 19 19 2
216 23 23 23 0
217 24 24 24 3
218 25 25 25 2
219 22 22 22 2
220 27 27 27 0
221 28 28 28 6
222 10 10 10 2
223 15 15 15 0
224 18 18 18 5
225 19 19 19 2
226 14 14 14 2
227 18 18 18 0
228 19 19 19 5
229 20 20 20 2
230 23 23 23 0
231 16 16 16 2
232 19 19 19 0
233 20 20 20 5
234 21 21 21 2
235 24 24 24 0
236 25 25 25 2
237 22 22 22 2
238 25 25 25 0
239 28 28 28 6
240 4 4 4 2
241 7 7 7 0
242 8 8 8 5
243 10 10 10 2
244 4 4 4 2
245 8 8 8 0
246 9 9 9 5
247 10 10 10 2
248 13 13 13 7
249 4 4 4 2
250 7 7 7 0
251 9 9 9 5
252 11 11 11 2
253 14 14 14 0
254 15 15 15 3
255 25 25 25 2
256 22 22 22 2
257 26 26 26 0
258 28 28 28 6
259 5 5 5 2
260 9 9 9 0
261 10 10 10 5
262 18 18 18 2
263 7 7 7 2
264 14 14 14 0
265 15 15 15 5
266 17 17 17 2
267 22 22 22 7
268 1 1 1 2
269 7 7 7 0
270 9 9 9 5
271 14 14 14 2
272 23 23 23 0
273 24 24 24 3
274 25 25 25 2
275 22 22 22 2
276 25 25 25 0
277 28 28 28 6
278 12 12 12 2
279 15 15 15 0
280 16 16 16 5
281 20 20 20 2
282 13 13 13 2
283 17 17 17 0
284 18 18 18 5
285 19 19 19 2
286 23 23 23 0
287 13 13 13 2
288 16 16 16 0
289 17 17 17 5
290 18 18 18 2
291 24 24 24 0
292 25 25 25 2
293 22 22 22 2
294 26 26 26 0
295 28 28 28 6
296 3 3 3 2
297 6 6 6 0
298 7 7 7 5
299 19 19 19 2
300 4 4 4 2
301 9 9 9 0
302 16 16 16 5
303 19 19 19 2
304 22 22 22 0
305 9 9 9 2
306 17 17 17 0
307 19 19 19 5
308 20 20 20 2
309 23 23 23 0
310 24 24 24 3
311 25 25 25 2
312 23 23 23 2
313 27 27 27 0
314 28 28 28 6
315 4 4 4 2
316 8 8 8 0
317 9 9 9 5
318 10 10 10 2
319 2 2 2 2
320 6 6 6 0
321 8 8 8 5
322 10 10 10 2
323 14 14 14 7
324 1 1 1 2
325 8 8 8 0
326 15 15 15 5
327 16 16 16 2
328 21 21 21 0
329 25 25 25 2
330 22 22 22 2
331 27 27 27 0
332 28 28 28 6
Latency Constraint 28
0 17 17 17 8
1 7 7 7 2
2 21 21 21 0
3 23 23 23 5
4 25 25 25 2
5 28 28 28 6
6 7 7 7 2
7 20 20 20 0
8 21 21 21 5
9 25 25 25 2
10 28 28 28 6
11 4 4 4 2
12 22 22 22 0
13 24 24 24 5
14 25 25 25 2
15 28 28 28 6
16 3 3 3 2
17 20 20 20 0
18 22 22 22 5
19 25 25 25 2
20 28 28 28 6
21 13 13 13 2
22 16 16 16 0
23 17 17 17 5
24 19 19 19 2
25 7 7 7 2
26 17 17 17 0
27 18 18 18 5
28 19 19 19 2
29 22 22 22 7
30 15 15 15 2
31 18 18 18 0
32 19 19 19 5
33 20 20 20 2
34 23 23 23 0
35 24 24 24 3
36 25 25 25 2
37 22 22 22 2
38 25 25 25 0
39 28 28 28 6
40 7 7 7 2
41 18 18 18 0
42 19 19 19 5
43 20 20 20 2
44 9 9 9 2
45 12 12 12 0
46 13 13 13 5
47 15 15 15 2
48 23 23 23 0
49 16 16 16 2
50 19 19 19 0
51 20 20 20 5
52 21 21 21 2
53 24 24 24 0
54 25 25 25 2
55 22 22 22 2
56 26 26 26 0
57 28 28 28 6
58 13 13 13 2
59 17 17 17 0
60 18 18 18 5
61 19 19 19 2
62 14 14 14 2
63 17 17 17 0
64 18 18 18 5
65 19 19 19 2
66 22 22 22 0
67 1 1 1 2
68 11 11 11 0
69 12 12 12 5
70 13 13 13 2
71 23 23 23 0
72 24 24 24 3
73 25 25 25 2
74 22 22 22 2
75 27 27 27 0
76 28 28 28 6
77 9 9 9 2
78 12 12 12 0
79 13 13 13 5
80 14 14 14 2
81 4 4 4 2
82 9 9 9 0
83 10 10 10 5
84 14 14 14 2
85 17 17 17 7
86 16 16 16 2
87 19 19 19 0
88 20 20 20 5
89 21 21 21 2
90 24 24 24 0
91 25 25 25 2
92 22 22 22 2
93 25 25 25 0
94 28 28 28 6
95 1 1 1 2
96 9 9 9 0
97 15 15 15 5
98 1 1 1 2
99 7 7 7 0
100 8 8 8 5
101 16 16 16 2
102 1 1 1 2
103 11 11 11 0
104 12 12 12 5
105 10 10 10 2
106 13 13 13 0
107 14 14 14 5
108 16 16 16 2
109 19 19 19 7
110 1 1 1 2
111 5 5 5 0
112 6 6 6 5
113 1 1 1 2
114 6 6 6 0
115 7 7 7 5
116 8 8 8 2
117 1 1 1 2
118 5 5 5 0
119 6 6 6 5
120 4 4 4 2
121 7 7 7 0
122 8 8 8 5
123 10 10 10 2
124 13 13 13 7
125 7 7 7 2
126 13 13 13 0
127 14 14 14 5
128 5 5 5 2
129 13 13 13 0
130 14 14 14 5
131 15 15 15 2
132 4 4 4 2
133 7 7 7 0
134 9 9 9 5
135 2 2 2 2
136 5 5 5 0
137 6 6 6 5
138 10 10 10 2
139 18 18 18 7
140 8 8 8 2
141 11 11 11 0
142 12 12 12 5
143 4 4 4 2
144 10 10 10 0
145 11 11 11 5
146 13 13 13 2
147 4 4 4 2
148 8 8 8 0
149 9 9 9 5
150 4 4 4 2
151 8 8 8 0
152 9 9 9 5
153 10 10 10 2
154 16 16 16 7
155 1 1 1 2
156 6 6 6 0
157 10 10 10 5
158 7 7 7 2
159 10 10 10 0
160 11 11 11 5
161 12 12 12 2
162 7 7 7 2
163 10 10 10 0
164 11 11 11 5
165 4 4 4 2
166 8 8 8 0
167 9 9 9 5
168 12 12 12 2
169 15 15 15 7
170 1 1 1 2
171 4 4 4 0
172 5 5 5 5
173 1 1 1 2
174 4 4 4 0
175 5 5 5 5
176 6 6 6 2
177 1 1 1 2
178 4 4 4 0
179 5 5 5 5
180 1 1 1 2
181 4 4 4 0
182 5 5 5 5
183 6 6 6 2
184 9 9 9 7
185 12 12 12 2
186 15 15 15 0
187 16 16 16 5
188 17 17 17 2
189 5 5 5 2
190 15 15 15 0
191 16 16 16 5
192 17 17 17 2
193 20 20 20 7
194 15 15 15 2
195 18 18 18 0
196 19 19 19 5
197 21 21 21 2
198 24 24 24 0
199 25 25 25 2
200 22 22 22 2
201 26 26 26 0
202 28 28 28 6
203 11 11 11 2
204 14 14 14 0
205 15 15 15 5
206 16 16 16 2
207 10 10 10 2
208 13 13 13 0
209 14 14 14 5
210 17 17 17 2
211 20 20 20 0
212 13 13 13 2
213 16 16 16 0
214 17 17 17 5
215 18 18 18 2
216 21 21 21 0
217 22 22 22 3
218 25 25 25 2
219 22 22 22 2
220 27 27 27 0
221 28 28 28 6
222 13 13 13 2
223 16 16 16 0
224 17 17 17 5
225 18 18 18 2
226 4 4 4 2
227 8 8 8 0
228 11 11 11 5
229 13 13 13 2
230 21 21 21 0
231 7 7 7 2
232 14 14 14 0
233 20 20 20 5
234 21 21 21 2
235 24 24 24 0
236 25 25 25 2
237 22 22 22 2
238 25 25 25 0
239 28 28 28 6
240 12 12 12 2
241 15 15 15 0
242 16 16 16 5
243 19 19 19 2
244 10 10 10 2
245 15 15 15 0
246 16 16 16 5
247 17 17 17 2
248 22 22 22 7
249 7 7 7 2
250 18 18 18 0
251 19 19 19 5
252 20 20 20 2
253 23 23 23 0
254 24 24 24 3
255 25 25 25 2
256 22 22 22 2
257 26 26 26 0
258 28 28 28 6
259 8 8 8 2
260 12 12 12 0
261 13 13 13 5
262 18 18 18 2
263 1 1 1 2
264 5 5 5 0
265 7 7 7 5
266 18 18 18 2
267 21 21 21 7
268 7 7 7 2
269 11 11 11 0
270 12 12 12 5
271 19 19 19 2
272 22 22 22 0
273 23 23 23 3
274 25 25 25 2
275 23 23 23 2
276 26 26 26 0
277 28 28 28 6
278 11 11 11 2
279 14 14 14 0
280 15 15 15 5
281 16 16 16 2
282 4 4 4 2
283 7 7 7 0
284 8 8 8 5
285 10 10 10 2
286 19 19 19 0
287 9 9 9 2
288 12 12 12 0
289 13 13 13 5
290 14 14 14 2
291 21 21 21 0
292 25 25 25 2
293 23 23 23 2
294 27 27 27 0
295 28 28 28 6
296 6 6 6 2
297 9 9 9 0
298 10 10 10 5
299 17 17 17 2
300 3 3 3 2
301 6 6 6 0
302 7 7 7 5
303 10 10 10 2
304 20 20 20 0
305 1 1 1 2
306 6 6 6 0
307 7 7 7 5
308 20 20 20 2
309 23 23 23 0
310 24 24 24 3
311 25 25 25 2
312 22 22 22 2
313 27 27 27 0
314 28 28 28 6
315 13 13 13 2
316 16 16 16 0
317 17 17 17 5
318 19 19 19 2
319 11 11 11 2
320 14 14 14 0
321 15 15 15 5
322 16 16 16 2
323 23 23 23 7
324 10 10 10 2
325 19 19 19 0
326 20 20 20 5
327 21 21 21 2
328 24 24 24 0
329 25 25 25 2
330 4 4 4 2
331 25 25 25 0
332 28 28 28 6
Latency Constraint 28
0 17 17 17 8
1 16 16 16 2
2 20 20 20 0
3 21 21 21 5
4 25 25 25 2
5 28 28 28 6
6 13 13 13 2
7 20 20 20 0
8 24 24 24 5
9 25 25 25 2
10 28 28 28 6
11 16 16 16 2
12 21 21 21 0
13 23 23 23 5
14 25 25 25 2
15 28 28 28 6
16 15 15 15 2
17 20 20 20 0
18 22 22 22 5
19 25 25 25 2
20 28 28 28 6
21 7 7 7 2
22 10 10 10 0
23 11 11 11 5
24 12 12 12 2
25 4 4 4 2
26 7 7 7 0
27 8 8 8 5
28 9 9 9 2
29 15 15 15 7
30 8 8 8 2
31 11 11 11 0
32 12 12 12 5
33 13 13 13 2
34 16 16 16 0
35 17 17 17 3
36 25 25 25 2
37 22 22 22 2
38 25 25 25 0
39 28 28 28 6
40 10 10 10 2
41 13 13 13 0
42 14 14 14 5
43 15 15 15 2
44 10 10 10 2
45 13 13 13 0
46 14 14 14 5
47 15 15 15 2
48 18 18 18 0
49 16 16 16 2
50 19 19 19 0
51 20 20 20 5
52 21 21 21 2
53 24 24 24 0
54 25 25 25 2
55 22 22 22 2
56 26 26 26 0
57 28 28 28 6
58 12 12 12 2
59 15 15 15 0
60 16 16 16 5
61 17 17 17 2
62 12 12 12 2
63 15 15 15 0
64 16 16 16 5
65 17 17 17 2
66 21 21 21 0
67 4 4 4 2
68 8 8 8 0
69 10 10 10 5
70 13 13 13 2
71 22 22 22 0
72 23 23 23 3
73 25 25 25 2
74 22 22 22 2
75 25 25 25 0
76 28 28 28 6
77 13 13 13 2
78 16 16 16 0
79 17 17 17 5
80 18 18 18 2
81 7 7 7 2
82 13 13 13 0
83 14 14 14 5
84 19 19 19 2
85 23 23 23 7
86 16 16 16 2
87 19 19 19 0
88 20 20 20 5
89 21 21 21 2
90 24 24 24 0
91 25 25 25 2
92 22 22 22 2
93 26 26 26 0
94 28 28 28 6
95 1 1 1 2
96 5 5 5 0
97 6 6 6 5
98 1 1 1 2
99 5 5 5 0
100 6 6 6 5
101 7 7 7 2
102 1 1 1 2
103 5 5 5 0
104 6 6 6 5
105 1 1 1 2
106 5 5 5 0
107 6 6 6 5
108 7 7 7 2
109 10 10 10 7
110 1 1 1 2
111 4 4 4 0
112 5 5 5 5
113 1 1 1 2
114 4 4 4 0
115 5 5 5 5
116 6 6 6 2
117 1 1 1 2
118 4 4 4 0
119 5 5 5 5
120 1 1 1 2
121 4 4 4 0
122 5 5 5 5
123 6 6 6 2
124 9 9 9 7
125 1 1 1 2
126 4 4 4 0
127 5 5 5 5
128 1 1 1 2
129 4 4 4 0
130 5 5 5 5
131 6 6 6 2
132 1 1 1 2
133 4 4 4 0
134 5 5 5 5
135 1 1 1 2
136 4 4 4 0
137 5 5 5 5
138 6 6 6 2
139 9 9 9 7
140 8 8 8 2
141 11 11 11 0
142 12 12 12 5
143 5 5 5 2
144 10 10 10 0
145 11 11 11 5
146 13 13 13 2
147 4 4 4 2
148 11 11 11 0
149 12 12 12 5
150 4 4 4 2
151 9 9 9 0
152 10 10 10 5
153 13 13 13 2
154 16 16 16 7
155 8 8 8 2
156 11 11 11 0
157 12 12 12 5
158 3 3 3 2
159 6 6 6 0
160 7 7 7 5
161 14 14 14 2
162 4 4 4 2
163 9 9 9 0
164 10 10 10 5
165 4 4 4 2
166 7 7 7 0
167 8 8 8 5
168 11 11 11 2
169 17 17 17 7
170 10 10 10 2
171 13 13 13 0
172 14 14 14 5
173 7 7 7 2
174 10 10 10 0
175 11 11 11 5
176 15 15 15 2
177 9 9 9 2
178 12 12 12 0
179 13 13 13 5
180 1 1 1 2
181 6 6 6 0
182 7 7 7 5
183 14 14 14 2
184 18 18 18 7
185 9 9 9 2
186 12 12 12 0
187 15 15 15 5
188 19 19 19 2
189 11 11 11 2
190 14 14 14 0
191 15 15 15 5
192 17 17 17 2
193 22 22 22 7
194 7 7 7 2
195 12 12 12 0
196 13 13 13 5
197 16 16 16 2
198 24 24 24 0
199 25 25 25 2
200 22 22 22 2
201 27 27 27 0
202 28 28 28 6
203 11 11 11 2
204 14 14 14 0
205 17 17 17 5
206 19 19 19 2
207 7 7 7 2
208 10 10 10 0
209 11 11 11 5
210 19 19 19 2
211 22 22 22 0
212 8 8 8 2
213 17 17 17 0
214 18 18 18 5
215 19 19 19 2
216 23 23 23 0
217 24 24 24 3
218 25 25 25 2
219 22 22 22 2
220 27 27 27 0
221 28 28 28 6
222 10 10 10 2
223 15 15 15 0
224 18 18 18 5
225 19 19 19 2
226 14 14 14 2
227 18 18 18 0
228 19 19 19 5
229 20 20 20 2
230 23 23 23 0
231 16 16 16 2
232 19 19 19 0
233 20 20 20 5
234 21 21 21 2
235 24 24 24 0
236 25 25 25 2
237 22 22 22 2
238 25 25 25 0
239 28 28 28 6
240 4 4 4 2
241 7 7 7 0
242 8 8 8 5
243 10 10 10 2
244 4 4 4 2
245 8 8 8 0
246 9 9 9 5
247 10 10 10 2
248 13 13 13 7
249 4 4 4 2
250 7 7 7 0
251 9 9 9 5
252 11 11 11 2
253 14 14 14 0
254 15 15 15 3
255 25 25 25 2
256 22 22 22 2
257 26 26 26 0
258 28 28 28 6
259 5 5 5 2
260 9 9 9 0
261 10 10 10 5
262 18 18 18 2
263 7 7 7 2
264 14 14 14 0
265 15 15 15 5
266 17 17 17 2
267 22 22 22 7
268 1 1 1 2
269 7 7 7 0
270 9 9 9 5
271 14 14 14 2
272 23 23 23 0
273 24 24 24 3
274 25 25 25 2
275 22 22 22 2
276 25 25 25 0
277 28 28 28 6
278 12 12 12 2
279 15 15 15 0
280 16 16 16 5
281 20 20 20 2
282 13 13 13 2
283 17 17 17 0
284 18 18 18 5
285 19 19 19 2
286 23 23 23 0
287 13 13 13 2
288 16 16 16 0
289 17 17 17 5
290 18 18 18 2
291 24 24 24 0
292 25 25 25 2
293 22 22 22 2
294 26 26 26 0
295 28 28 28 6
296 3 3 3 2
297 6 6 6 0
298 7 7 7 5
299 19 19 19 2
300 4 4 4 2
301 9 9 9 0
302 16 16 16 5
303 19 19 19 2
304 22 22 22 0
305 9 9 9 2
306 17 17 17 0
307 19 19 19 5
308 20 20 20 2
309 23 23 23 0
310 24 24 24 3
311 25 25 25 2
312 23 23 23 2
313 27 27 27 0
314 28 28 28 6
315 4 4 4 2
316 8 8 8 0
317 9 9 9 5
318 10 10 10 2
319 2 2 2 2
320 6 6 6 0
321 8 8 8 5
322 10 10 10 2
323 14 14 14 7
324 1 1 1 2
325 8 8 8 0
326 15 15 15 5
327 16 16 16 2
328 21 21 21 0
329 25 25 25 2
330 22 22 22 2
331 27 27 27 0
332 28 28 28 6
