Latency Constraint 19
0 3 3 3 0
1 7 7 7 2
2 10 10 10 0
3 11 11 11 5
4 1 1 1 0
5 2 2 2 2
6 5 5 5 0
7 8 8 8 5
8 1 1 1 0
9 9 9 9 2
10 12 12 12 0
11 13 13 13 5
12 5 5 5 0
13 7 7 7 2
14 13 13 13 0
15 14 14 14 5
16 1 1 1 2
17 7 7 7 0
18 8 8 8 5
19 12 12 12 2
20 1 1 1 2
21 6 6 6 0
22 7 7 7 5
23 10 10 10 2
24 15 15 15 0
25 8 8 8 2
26 12 12 12 0
27 13 13 13 5
28 14 14 14 2
29 17 17 17 0
30 10 10 10 2
31 13 13 13 0
32 14 14 14 5
33 15 15 15 2
34 18 18 18 0
35 2 2 2 0
36 11 11 11 2
37 14 14 14 0
38 19 19 19 6
39 1 1 1 2
40 5 5 5 0
41 6 6 6 5
42 12 12 12 2
43 6 6 6 2
44 9 9 9 0
45 10 10 10 5
46 11 11 11 2
47 16 16 16 0
48 8 8 8 2
49 11 11 11 0
50 12 12 12 5
51 14 14 14 2
52 17 17 17 0
53 1 1 1 2
54 4 4 4 0
55 5 5 5 5
56 15 15 15 2
57 18 18 18 0
58 2 2 2 0
59 4 4 4 2
60 14 14 14 0
61 19 19 19 6
62 1 1 1 2
63 9 9 9 0
64 10 10 10 5
65 12 12 12 2
66 1 1 1 2
67 4 4 4 0
68 6 6 6 5
69 10 10 10 2
70 15 15 15 0
71 4 4 4 2
72 7 7 7 0
73 9 9 9 5
74 14 14 14 2
75 17 17 17 0
76 4 4 4 2
77 11 11 11 0
78 12 12 12 5
79 15 15 15 2
80 18 18 18 0
81 3 3 3 0
82 4 4 4 2
83 11 11 11 0
84 19 19 19 6
85 5 5 5 2
86 10 10 10 0
87 11 11 11 5
88 13 13 13 2
89 3 3 3 2
90 6 6 6 0
91 7 7 7 5
92 9 9 9 2
93 16 16 16 0
94 7 7 7 2
95 12 12 12 0
96 13 13 13 5
97 14 14 14 2
98 17 17 17 0
99 4 4 4 2
100 8 8 8 0
101 9 9 9 5
102 15 15 15 2
103 18 18 18 0
104 6 6 6 0
105 7 7 7 2
106 14 14 14 0
107 19 19 19 6
108 19 19 19 0
Latency Constraint 19
0 1 1 1 0
1 7 7 7 2
2 10 10 10 0
3 11 11 11 5
4 2 2 2 0
5 8 8 8 2
6 11 11 11 0
7 12 12 12 5
8 3 3 3 0
9 4 4 4 2
10 7 7 7 0
11 8 8 8 5
12 1 1 1 0
13 10 10 10 2
14 13 13 13 0
15 14 14 14 5
16 1 1 1 2
17 6 6 6 0
18 7 7 7 5
19 12 12 12 2
20 1 1 1 2
21 11 11 11 0
22 12 12 12 5
23 13 13 13 2
24 16 16 16 0
25 1 1 1 2
26 12 12 12 0
27 13 13 13 5
28 14 14 14 2
29 17 17 17 0
30 9 9 9 2
31 12 12 12 0
32 14 14 14 5
33 15 15 15 2
34 18 18 18 0
35 14 14 14 0
36 15 15 15 2
37 18 18 18 0
38 19 19 19 6
39 1 1 1 2
40 4 4 4 0
41 5 5 5 5
42 12 12 12 2
43 4 4 4 2
44 7 7 7 0
45 8 8 8 5
46 13 13 13 2
47 16 16 16 0
48 9 9 9 2
49 12 12 12 0
50 13 13 13 5
51 14 14 14 2
52 17 17 17 0
53 1 1 1 2
54 5 5 5 0
55 6 6 6 5
56 15 15 15 2
57 18 18 18 0
58 2 2 2 0
59 4 4 4 2
60 14 14 14 0
61 19 19 19 6
62 7 7 7 2
63 10 10 10 0
64 11 11 11 5
65 12 12 12 2
66 3 3 3 2
67 6 6 6 0
68 7 7 7 5
69 13 13 13 2
70 16 16 16 0
71 6 6 6 2
72 9 9 9 0
73 10 10 10 5
74 11 11 11 2
75 17 17 17 0
76 6 6 6 2
77 9 9 9 0
78 10 10 10 5
79 15 15 15 2
80 18 18 18 0
81 4 4 4 0
82 9 9 9 2
83 13 13 13 0
84 19 19 19 6
85 7 7 7 2
86 10 10 10 0
87 11 11 11 5
88 12 12 12 2
89 1 1 1 2
90 5 5 5 0
91 6 6 6 5
92 13 13 13 2
93 16 16 16 0
94 4 4 4 2
95 8 8 8 0
96 9 9 9 5
97 10 10 10 2
98 17 17 17 0
99 2 2 2 2
100 8 8 8 0
101 9 9 9 5
102 15 15 15 2
103 18 18 18 0
104 3 3 3 0
105 5 5 5 2
106 15 15 15 0
107 19 19 19 6
108 19 19 19 0
Latency Constraint 19
0 3 3 3 0
1 7 7 7 2
2 10 10 10 0
3 11 11 11 5
4 1 1 1 0
5 2 2 2 2
6 5 5 5 0
7 8 8 8 5
8 1 1 1 0
9 9 9 9 2
10 12 12 12 0
11 13 13 13 5
12 5 5 5 0
13 7 7 7 2
14 13 13 13 0
15 14 14 14 5
16 1 1 1 2
17 7 7 7 0
18 8 8 8 5
19 12 12 12 2
20 1 1 1 2
21 6 6 6 0
22 7 7 7 5
23 10 10 10 2
24 15 15 15 0
25 8 8 8 2
26 12 12 12 0
27 13 13 13 5
28 14 14 14 2
29 17 17 17 0
30 10 10 10 2
31 13 13 13 0
32 14 14 14 5
33 15 15 15 2
34 18 18 18 0
35 2 2 2 0
36 11 11 11 2
37 14 14 14 0
38 19 19 19 6
39 1 1 1 2
40 5 5 5 0
41 6 6 6 5
42 12 12 12 2
43 6 6 6 2
44 9 9 9 0
45 10 10 10 5
46 11 11 11 2
47 16 16 16 0
48 8 8 8 2
49 11 11 11 0
50 12 12 12 5
51 14 14 14 2
52 17 17 17 0
53 1 1 1 2
54 4 4 4 0
55 5 5 5 5
56 15 15 15 2
57 18 18 18 0
58 2 2 2 0
59 4 4 4 2
60 14 14 14 0
61 19 19 19 6
62 1 1 1 2
63 9 9 9 0
64 10 10 10 5
65 12 12 12 2
66 1 1 1 2
67 4 4 4 0
68 6 6 6 5
69 10 10 10 2
70 15 15 15 0
71 4 4 4 2
72 7 7 7 0
73 9 9 9 5
74 14 14 14 2
75 17 17 17 0
76 4 4 4 2
77 11 11 11 0
78 12 12 12 5
79 15 15 15 2
80 18 18 18 0
81 3 3 3 0
82 4 4 4 2
83 11 11 11 0
84 19 19 19 6
85 5 5 5 2
86 10 10 10 0
87 11 11 11 5
88 13 13 13 2
89 3 3 3 2
90 6 6 6 0
91 7 7 7 5
92 9 9 9 2
93 16 16 16 0
94 7 7 7 2
95 12 12 12 0
96 13 13 13 5
97 14 14 14 2
98 17 17 17 0
99 4 4 4 2
100 8 8 8 0
101 9 9 9 5
102 15 15 15 2
103 18 18 18 0
104 6 6 6 0
105 7 7 7 2
106 14 14 14 0
107 19 19 19 6
108 19 19 19 0
Latency Constraint 19
0 3 3 3 0
1 7 7 7 2
2 10 10 10 0
3 11 11 11 5
4 1 1 1 0
5 2 2 2 2
6 5 5 5 0
7 8 8 8 5
8 1 1 1 0
9 9 9 9 2
10 12 12 12 0
11 13 13 13 5
12 5 5 5 0
13 7 7 7 2
14 13 13 13 0
15 14 14 14 5
16 1 1 1 2
17 7 7 7 0
18 8 8 8 5
19 12 12 12 2
20 1 1 1 2
21 6 6 6 0
22 7 7 7 5
23 10 10 10 2
24 15 15 15 0
25 8 8 8 2
26 12 12 12 0
27 13 13 13 5
28 14 14 14 2
29 17 17 17 0
30 10 10 10 2
31 13 13 13 0
32 14 14 14 5
33 15 15 15 2
34 18 18 18 0
35 2 2 2 0
36 11 11 11 2
37 14 14 14 0
38 19 19 19 6
39 1 1 1 2
40 5 5 5 0
41 6 6 6 5
42 12 12 12 2
43 6 6 6 2
44 9 9 9 0
45 10 10 10 5
46 11 11 11 2
47 16 16 16 0
48 8 8 8 2
49 11 11 11 0
50 12 12 12 5
51 14 14 14 2
52 17 17 17 0
53 1 1 1 2
54 4 4 4 0
55 5 5 5 5
56 15 15 15 2
57 18 18 18 0
58 2 2 2 0
59 4 4 4 2
60 14 14 14 0
61 19 19 19 6
62 1 1 1 2
63 9 9 9 0
64 10 10 10 5
65 12 12 12 2
66 1 1 1 2
67 4 4 4 0
68 6 6 6 5
69 10 10 10 2
70 15 15 15 0
71 4 4 4 2
72 7 7 7 0
73 9 9 9 5
74 14 14 14 2
75 17 17 17 0
76 4 4 4 2
77 11 11 11 0
78 12 12 12 5
79 15 15 15 2
80 18 18 18 0
81 3 3 3 0
82 4 4 4 2
83 11 11 11 0
84 19 19 19 6
85 5 5 5 2
86 10 10 10 0
87 11 11 11 5
88 13 13 13 2
89 3 3 3 2
90 6 6 6 0
91 7 7 7 5
92 9 9 9 2
93 16 16 16 0
94 7 7 7 2
95 12 12 12 0
96 13 13 13 5
97 14 14 14 2
98 17 17 17 0
99 4 4 4 2
100 8 8 8 0
101 9 9 9 5
102 15 15 15 2
103 18 18 18 0
104 6 6 6 0
105 7 7 7 2
106 14 14 14 0
107 19 19 19 6
108 19 19 19 0
Latency Constraint 19
0 3 3 3 0
1 7 7 7 2
2 10 10 10 0
3 11 11 11 5
4 1 1 1 0
5 2 2 2 2
6 5 5 5 0
7 8 8 8 5
8 1 1 1 0
9 9 9 9 2
10 12 12 12 0
11 13 13 13 5
12 5 5 5 0
13 7 7 7 2
14 13 13 13 0
15 14 14 14 5
16 1 1 1 2
17 7 7 7 0
18 8 8 8 5
19 12 12 12 2
20 1 1 1 2
21 6 6 6 0
22 7 7 7 5
23 10 10 10 2
24 15 15 15 0
25 8 8 8 2
26 12 12 12 0
27 13 13 13 5
28 14 14 14 2
29 17 17 17 0
30 10 10 10 2
31 13 13 13 0
32 14 14 14 5
33 15 15 15 2
34 18 18 18 0
35 2 2 2 0
36 11 11 11 2
37 14 14 14 0
38 19 19 19 6
39 1 1 1 2
40 5 5 5 0
41 6 6 6 5
42 12 12 12 2
43 6 6 6 2
44 9 9 9 0
45 10 10 10 5
46 11 11 11 2
47 16 16 16 0
48 8 8 8 2
49 11 11 11 0
50 12 12 12 5
51 14 14 14 2
52 17 17 17 0
53 1 1 1 2
54 4 4 4 0
55 5 5 5 5
56 15 15 15 2
57 18 18 18 0
58 2 2 2 0
59 4 4 4 2
60 14 14 14 0
61 19 19 19 6
62 1 1 1 2
63 9 9 9 0
64 10 10 10 5
65 12 12 12 2
66 1 1 1 2
67 4 4 4 0
68 6 6 6 5
69 10 10 10 2
70 15 15 15 0
71 4 4 4 2
72 7 7 7 0
73 9 9 9 5
74 14 14 14 2
75 17 17 17 0
76 4 4 4 2
77 11 11 11 0
78 12 12 12 5
79 15 15 15 2
80 18 18 18 0
81 3 3 3 0
82 4 4 4 2
83 11 11 11 0
84 19 19 19 6
85 5 5 5 2
86 10 10 10 0
87 11 11 11 5
88 13 13 13 2
89 3 3 3 2
90 6 6 6 0
91 7 7 7 5
92 9 9 9 2
93 16 16 16 0
94 7 7 7 2
95 12 12 12 0
96 13 13 13 5
97 14 14 14 2
98 17 17 17 0
99 4 4 4 2
100 8 8 8 0
101 9 9 9 5
102 15 15 15 2
103 18 18 18 0
104 6 6 6 0
105 7 7 7 2
106 14 14 14 0
107 19 19 19 6
108 19 19 19 0
Latency Constraint 13
0 1 1 1 0
1 2 2 2 2
2 5 5 5 0
3 6 6 6 5
4 1 1 1 0
5 2 2 2 2
6 5 5 5 0
7 6 6 6 5
8 1 1 1 0
9 3 3 3 2
10 6 6 6 0
11 7 7 7 5
12 3 3 3 0
13 4 4 4 2
14 7 7 7 0
15 8 8 8 5
16 1 1 1 2
17 4 4 4 0
18 5 5 5 5
19 7 7 7 2
20 1 1 1 2
21 4 4 4 0
22 5 5 5 5
23 7 7 7 2
24 10 10 10 0
25 1 1 1 2
26 6 6 6 0
27 7 7 7 5
28 8 8 8 2
29 11 11 11 0
30 4 4 4 2
31 7 7 7 0
32 8 8 8 5
33 9 9 9 2
34 12 12 12 0
35 2 2 2 0
36 5 5 5 2
37 9 9 9 0
38 13 13 13 6
39 1 1 1 2
40 5 5 5 0
41 6 6 6 5
42 7 7 7 2
43 1 1 1 2
44 4 4 4 0
45 5 5 5 5
46 7 7 7 2
47 10 10 10 0
48 1 1 1 2
49 6 6 6 0
50 7 7 7 5
51 8 8 8 2
52 11 11 11 0
53 4 4 4 2
54 7 7 7 0
55 8 8 8 5
56 9 9 9 2
57 12 12 12 0
58 3 3 3 0
59 5 5 5 2
60 8 8 8 0
61 13 13 13 6
62 1 1 1 2
63 4 4 4 0
64 5 5 5 5
65 7 7 7 2
66 1 1 1 2
67 5 5 5 0
68 6 6 6 5
69 7 7 7 2
70 10 10 10 0
71 3 3 3 2
72 6 6 6 0
73 7 7 7 5
74 8 8 8 2
75 11 11 11 0
76 4 4 4 2
77 7 7 7 0
78 8 8 8 5
79 9 9 9 2
80 12 12 12 0
81 2 2 2 0
82 5 5 5 2
83 9 9 9 0
84 13 13 13 6
85 1 1 1 2
86 4 4 4 0
87 5 5 5 5
88 7 7 7 2
89 1 1 1 2
90 5 5 5 0
91 6 6 6 5
92 7 7 7 2
93 10 10 10 0
94 3 3 3 2
95 6 6 6 0
96 7 7 7 5
97 8 8 8 2
98 11 11 11 0
99 4 4 4 2
100 7 7 7 0
101 8 8 8 5
102 9 9 9 2
103 12 12 12 0
104 8 8 8 0
105 9 9 9 2
106 12 12 12 0
107 13 13 13 6
108 13 13 13 0
Latency Constraint 26
0 1 1 1 0
1 2 2 2 2
2 5 5 5 0
3 6 6 6 5
4 1 1 1 0
5 2 2 2 2
6 5 5 5 0
7 6 6 6 5
8 2 2 2 0
9 3 3 3 2
10 6 6 6 0
11 7 7 7 5
12 9 9 9 0
13 17 17 17 2
14 20 20 20 0
15 21 21 21 5
16 1 1 1 2
17 4 4 4 0
18 5 5 5 5
19 7 7 7 2
20 1 1 1 2
21 4 4 4 0
22 5 5 5 5
23 7 7 7 2
24 10 10 10 0
25 1 1 1 2
26 6 6 6 0
27 7 7 7 5
28 8 8 8 2
29 11 11 11 0
30 16 16 16 2
31 19 19 19 0
32 20 20 20 5
33 22 22 22 2
34 25 25 25 0
35 3 3 3 0
36 9 9 9 2
37 12 12 12 0
38 26 26 26 6
39 14 14 14 2
40 17 17 17 0
41 18 18 18 5
42 19 19 19 2
43 10 10 10 2
44 13 13 13 0
45 14 14 14 5
46 15 15 15 2
47 22 22 22 0
48 8 8 8 2
49 14 14 14 0
50 15 15 15 5
51 16 16 16 2
52 23 23 23 0
53 13 13 13 2
54 16 16 16 0
55 17 17 17 5
56 22 22 22 2
57 25 25 25 0
58 7 7 7 0
59 19 19 19 2
60 22 22 22 0
61 26 26 26 6
62 11 11 11 2
63 14 14 14 0
64 15 15 15 5
65 18 18 18 2
66 5 5 5 2
67 11 11 11 0
68 12 12 12 5
69 16 16 16 2
70 23 23 23 0
71 10 10 10 2
72 13 13 13 0
73 16 16 16 5
74 21 21 21 2
75 24 24 24 0
76 4 4 4 2
77 12 12 12 0
78 13 13 13 5
79 22 22 22 2
80 25 25 25 0
81 2 2 2 0
82 19 19 19 2
83 24 24 24 0
84 26 26 26 6
85 5 5 5 2
86 8 8 8 0
87 9 9 9 5
88 10 10 10 2
89 4 4 4 2
90 7 7 7 0
91 8 8 8 5
92 12 12 12 2
93 15 15 15 0
94 13 13 13 2
95 18 18 18 0
96 19 19 19 5
97 20 20 20 2
98 24 24 24 0
99 6 6 6 2
100 9 9 9 0
101 11 11 11 5
102 22 22 22 2
103 25 25 25 0
104 8 8 8 0
105 13 13 13 2
106 21 21 21 0
107 26 26 26 6
108 26 26 26 0
Latency Constraint 26
0 1 1 1 0
1 2 2 2 2
2 5 5 5 0
3 6 6 6 5
4 1 1 1 0
5 2 2 2 2
6 5 5 5 0
7 6 6 6 5
8 2 2 2 0
9 3 3 3 2
10 6 6 6 0
11 7 7 7 5
12 9 9 9 0
13 17 17 17 2
14 20 20 20 0
15 21 21 21 5
16 1 1 1 2
17 4 4 4 0
18 5 5 5 5
19 7 7 7 2
20 1 1 1 2
21 4 4 4 0
22 5 5 5 5
23 7 7 7 2
24 10 10 10 0
25 1 1 1 2
26 6 6 6 0
27 7 7 7 5
28 8 8 8 2
29 11 11 11 0
30 16 16 16 2
31 19 19 19 0
32 20 20 20 5
33 22 22 22 2
34 25 25 25 0
35 3 3 3 0
36 9 9 9 2
37 12 12 12 0
38 26 26 26 6
39 14 14 14 2
40 17 17 17 0
41 18 18 18 5
42 19 19 19 2
43 10 10 10 2
44 13 13 13 0
45 14 14 14 5
46 15 15 15 2
47 22 22 22 0
48 8 8 8 2
49 14 14 14 0
50 15 15 15 5
51 16 16 16 2
52 23 23 23 0
53 13 13 13 2
54 16 16 16 0
55 17 17 17 5
56 22 22 22 2
57 25 25 25 0
58 7 7 7 0
59 19 19 19 2
60 22 22 22 0
61 26 26 26 6
62 11 11 11 2
63 14 14 14 0
64 15 15 15 5
65 18 18 18 2
66 5 5 5 2
67 11 11 11 0
68 12 12 12 5
69 16 16 16 2
70 23 23 23 0
71 10 10 10 2
72 13 13 13 0
73 16 16 16 5
74 21 21 21 2
75 24 24 24 0
76 4 4 4 2
77 12 12 12 0
78 13 13 13 5
79 22 22 22 2
80 25 25 25 0
81 2 2 2 0
82 19 19 19 2
83 24 24 24 0
84 26 26 26 6
85 5 5 5 2
86 8 8 8 0
87 9 9 9 5
88 10 10 10 2
89 4 4 4 2
90 7 7 7 0
91 8 8 8 5
92 12 12 12 2
93 15 15 15 0
94 13 13 13 2
95 18 18 18 0
96 19 19 19 5
97 20 20 20 2
98 24 24 24 0
99 6 6 6 2
100 9 9 9 0
101 11 11 11 5
102 22 22 22 2
103 25 25 25 0
104 8 8 8 0
105 13 13 13 2
106 21 21 21 0
107 26 26 26 6
108 26 26 26 0
Latency Constraint 26
0 1 1 1 0
1 2 2 2 2
2 5 5 5 0
3 6 6 6 5
4 1 1 1 0
5 2 2 2 2
6 5 5 5 0
7 6 6 6 5
8 2 2 2 0
9 3 3 3 2
10 6 6 6 0
11 7 7 7 5
12 9 9 9 0
13 17 17 17 2
14 20 20 20 0
15 21 21 21 5
16 1 1 1 2
17 4 4 4 0
18 5 5 5 5
19 7 7 7 2
20 1 1 1 2
21 4 4 4 0
22 5 5 5 5
23 7 7 7 2
24 10 10 10 0
25 1 1 1 2
26 6 6 6 0
27 7 7 7 5
28 8 8 8 2
29 11 11 11 0
30 16 16 16 2
31 19 19 19 0
32 20 20 20 5
33 22 22 22 2
34 25 25 25 0
35 3 3 3 0
36 9 9 9 2
37 12 12 12 0
38 26 26 26 6
39 14 14 14 2
40 17 17 17 0
41 18 18 18 5
42 19 19 19 2
43 10 10 10 2
44 13 13 13 0
45 14 14 14 5
46 15 15 15 2
47 22 22 22 0
48 8 8 8 2
49 14 14 14 0
50 15 15 15 5
51 16 16 16 2
52 23 23 23 0
53 13 13 13 2
54 16 16 16 0
55 17 17 17 5
56 22 22 22 2
57 25 25 25 0
58 7 7 7 0
59 19 19 19 2
60 22 22 22 0
61 26 26 26 6
62 11 11 11 2
63 14 14 14 0
64 15 15 15 5
65 18 18 18 2
66 5 5 5 2
67 11 11 11 0
68 12 12 12 5
69 16 16 16 2
70 23 23 23 0
71 10 10 10 2
72 13 13 13 0
73 16 16 16 5
74 21 21 21 2
75 24 24 24 0
76 4 4 4 2
77 12 12 12 0
78 13 13 13 5
79 22 22 22 2
80 25 25 25 0
81 2 2 2 0
82 19 19 19 2
83 24 24 24 0
84 26 26 26 6
85 5 5 5 2
86 8 8 8 0
87 9 9 9 5
88 10 10 10 2
89 4 4 4 2
90 7 7 7 0
91 8 8 8 5
92 12 12 12 2
93 15 15 15 0
94 13 13 13 2
95 18 18 18 0
96 19 19 19 5
97 20 20 20 2
98 24 24 24 0
99 6 6 6 2
100 9 9 9 0
101 11 11 11 5
102 22 22 22 2
103 25 25 25 0
104 8 8 8 0
105 13 13 13 2
106 21 21 21 0
107 26 26 26 6
108 26 26 26 0
Latency Constraint 19
0 3 3 3 0
1 7 7 7 2
2 10 10 10 0
3 11 11 11 5
4 1 1 1 0
5 2 2 2 2
6 5 5 5 0
7 8 8 8 5
8 1 1 1 0
9 9 9 9 2
10 12 12 12 0
11 13 13 13 5
12 5 5 5 0
13 7 7 7 2
14 13 13 13 0
15 14 14 14 5
16 1 1 1 2
17 7 7 7 0
18 8 8 8 5
19 12 12 12 2
20 1 1 1 2
21 6 6 6 0
22 7 7 7 5
23 10 10 10 2
24 15 15 15 0
25 8 8 8 2
26 12 12 12 0
27 13 13 13 5
28 14 14 14 2
29 17 17 17 0
30 10 10 10 2
31 13 13 13 0
32 14 14 14 5
33 15 15 15 2
34 18 18 18 0
35 2 2 2 0
36 11 11 11 2
37 14 14 14 0
38 19 19 19 6
39 1 1 1 2
40 5 5 5 0
41 6 6 6 5
42 12 12 12 2
43 6 6 6 2
44 9 9 9 0
45 10 10 10 5
46 11 11 11 2
47 16 16 16 0
48 8 8 8 2
49 11 11 11 0
50 12 12 12 5
51 14 14 14 2
52 17 17 17 0
53 1 1 1 2
54 4 4 4 0
55 5 5 5 5
56 15 15 15 2
57 18 18 18 0
58 2 2 2 0
59 4 4 4 2
60 14 14 14 0
61 19 19 19 6
62 1 1 1 2
63 9 9 9 0
64 10 10 10 5
65 12 12 12 2
66 1 1 1 2
67 4 4 4 0
68 6 6 6 5
69 10 10 10 2
70 15 15 15 0
71 4 4 4 2
72 7 7 7 0
73 9 9 9 5
74 14 14 14 2
75 17 17 17 0
76 4 4 4 2
77 11 11 11 0
78 12 12 12 5
79 15 15 15 2
80 18 18 18 0
81 3 3 3 0
82 4 4 4 2
83 11 11 11 0
84 19 19 19 6
85 5 5 5 2
86 10 10 10 0
87 11 11 11 5
88 13 13 13 2
89 3 3 3 2
90 6 6 6 0
91 7 7 7 5
92 9 9 9 2
93 16 16 16 0
94 7 7 7 2
95 12 12 12 0
96 13 13 13 5
97 14 14 14 2
98 17 17 17 0
99 4 4 4 2
100 8 8 8 0
101 9 9 9 5
102 15 15 15 2
103 18 18 18 0
104 6 6 6 0
105 7 7 7 2
106 14 14 14 0
107 19 19 19 6
108 19 19 19 0
Latency Constraint 19
0 1 1 1 0
1 7 7 7 2
2 10 10 10 0
3 11 11 11 5
4 2 2 2 0
5 8 8 8 2
6 11 11 11 0
7 12 12 12 5
8 3 3 3 0
9 4 4 4 2
10 7 7 7 0
11 8 8 8 5
12 1 1 1 0
13 10 10 10 2
14 13 13 13 0
15 14 14 14 5
16 1 1 1 2
17 6 6 6 0
18 7 7 7 5
19 12 12 12 2
20 1 1 1 2
21 11 11 11 0
22 12 12 12 5
23 13 13 13 2
24 16 16 16 0
25 1 1 1 2
26 12 12 12 0
27 13 13 13 5
28 14 14 14 2
29 17 17 17 0
30 9 9 9 2
31 12 12 12 0
32 14 14 14 5
33 15 15 15 2
34 18 18 18 0
35 14 14 14 0
36 15 15 15 2
37 18 18 18 0
38 19 19 19 6
39 1 1 1 2
40 4 4 4 0
41 5 5 5 5
42 12 12 12 2
43 4 4 4 2
44 7 7 7 0
45 8 8 8 5
46 13 13 13 2
47 16 16 16 0
48 9 9 9 2
49 12 12 12 0
50 13 13 13 5
51 14 14 14 2
52 17 17 17 0
53 1 1 1 2
54 5 5 5 0
55 6 6 6 5
56 15 15 15 2
57 18 18 18 0
58 2 2 2 0
59 4 4 4 2
60 14 14 14 0
61 19 19 19 6
62 7 7 7 2
63 10 10 10 0
64 11 11 11 5
65 12 12 12 2
66 3 3 3 2
67 6 6 6 0
68 7 7 7 5
69 13 13 13 2
70 16 16 16 0
71 6 6 6 2
72 9 9 9 0
73 10 10 10 5
74 11 11 11 2
75 17 17 17 0
76 6 6 6 2
77 9 9 9 0
78 10 10 10 5
79 15 15 15 2
80 18 18 18 0
81 4 4 4 0
82 9 9 9 2
83 13 13 13 0
84 19 19 19 6
85 7 7 7 2
86 10 10 10 0
87 11 11 11 5
88 12 12 12 2
89 1 1 1 2
90 5 5 5 0
91 6 6 6 5
92 13 13 13 2
93 16 16 16 0
94 4 4 4 2
95 8 8 8 0
96 9 9 9 5
97 10 10 10 2
98 17 17 17 0
99 2 2 2 2
100 8 8 8 0
101 9 9 9 5
102 15 15 15 2
103 18 18 18 0
104 3 3 3 0
105 5 5 5 2
106 15 15 15 0
107 19 19 19 6
108 19 19 19 0
