Latency Constraint 12
0 5 5 5 2
1 2 2 2 2
2 8 8 8 2
3 11 11 11 6
4 12 12 12 6
5 1 1 1 2
6 9 9 9 2
7 4 4 4 2
8 12 12 12 0
9 1 1 1 0
10 2 2 2 5
Latency Constraint 16
0 7 7 7 2
1 4 4 4 2
2 10 10 10 2
3 15 15 15 6
4 16 16 16 6
5 1 1 1 2
6 13 13 13 2
7 1 1 1 2
8 16 16 16 0
9 1 1 1 0
10 16 16 16 5
Latency Constraint 32
0 1 1 1 2
1 25 25 25 2
2 28 28 28 2
3 31 31 31 6
4 32 32 32 6
5 19 19 19 2
6 22 22 22 2
7 16 16 16 2
8 19 19 19 0
9 1 1 1 0
10 2 2 2 5
Latency Constraint 12
0 5 5 5 2
1 2 2 2 2
2 8 8 8 2
3 11 11 11 6
4 12 12 12 6
5 1 1 1 2
6 9 9 9 2
7 4 4 4 2
8 12 12 12 0
9 1 1 1 0
10 2 2 2 5
Latency Constraint 12
0 5 5 5 2
1 2 2 2 2
2 8 8 8 2
3 11 11 11 6
4 12 12 12 6
5 1 1 1 2
6 9 9 9 2
7 4 4 4 2
8 12 12 12 0
9 1 1 1 0
10 2 2 2 5
Latency Constraint 16
0 7 7 7 2
1 4 4 4 2
2 10 10 10 2
3 15 15 15 6
4 16 16 16 6
5 1 1 1 2
6 13 13 13 2
7 1 1 1 2
8 16 16 16 0
9 1 1 1 0
10 16 16 16 5
Latency Constraint 16
0 7 7 7 2
1 4 4 4 2
2 10 10 10 2
3 15 15 15 6
4 16 16 16 6
5 1 1 1 2
6 13 13 13 2
7 1 1 1 2
8 16 16 16 0
9 1 1 1 0
10 16 16 16 5
Latency Constraint 12
0 5 5 5 2
1 2 2 2 2
2 8 8 8 2
3 11 11 11 6
4 12 12 12 6
5 1 1 1 2
6 9 9 9 2
7 4 4 4 2
8 12 12 12 0
9 1 1 1 0
10 2 2 2 5
Latency Constraint 12
0 5 5 5 2
1 2 2 2 2
2 8 8 8 2
3 11 11 11 6
4 12 12 12 6
5 1 1 1 2
6 9 9 9 2
7 4 4 4 2
8 12 12 12 0
9 1 1 1 0
10 2 2 2 5
Latency Constraint 12
0 5 5 5 2
1 2 2 2 2
2 8 8 8 2
3 11 11 11 6
4 12 12 12 6
5 1 1 1 2
6 9 9 9 2
7 4 4 4 2
8 12 12 12 0
9 1 1 1 0
10 2 2 2 5
Latency Constraint 12
0 5 5 5 2
1 2 2 2 2
2 8 8 8 2
3 11 11 11 6
4 12 12 12 6
5 1 1 1 2
6 9 9 9 2
7 4 4 4 2
8 12 12 12 0
9 1 1 1 0
10 2 2 2 5
Latency Constraint 12
0 5 5 5 2
1 2 2 2 2
2 8 8 8 2
3 11 11 11 6
4 12 12 12 6
5 1 1 1 2
6 9 9 9 2
7 4 4 4 2
8 12 12 12 0
9 1 1 1 0
10 2 2 2 5
Latency Constraint 12
0 5 5 5 2
1 2 2 2 2
2 8 8 8 2
3 11 11 11 6
4 12 12 12 6
5 1 1 1 2
6 9 9 9 2
7 4 4 4 2
8 12 12 12 0
9 1 1 1 0
10 2 2 2 5
Latency Constraint 12
0 5 5 5 2
1 2 2 2 2
2 8 8 8 2
3 11 11 11 6
4 12 12 12 6
5 1 1 1 2
6 9 9 9 2
7 4 4 4 2
8 12 12 12 0
9 1 1 1 0
10 2 2 2 5
Latency Constraint 12
0 5 5 5 2
1 2 2 2 2
2 8 8 8 2
3 11 11 11 6
4 12 12 12 6
5 1 1 1 2
6 9 9 9 2
7 4 4 4 2
8 12 12 12 0
9 1 1 1 0
10 2 2 2 5
Latency Constraint 12
0 5 5 5 2
1 2 2 2 2
2 8 8 8 2
3 11 11 11 6
4 12 12 12 6
5 1 1 1 2
6 9 9 9 2
7 4 4 4 2
8 12 12 12 0
9 1 1 1 0
10 2 2 2 5
Latency Constraint 12
0 5 5 5 2
1 2 2 2 2
2 8 8 8 2
3 11 11 11 6
4 12 12 12 6
5 1 1 1 2
6 9 9 9 2
7 4 4 4 2
8 12 12 12 0
9 1 1 1 0
10 2 2 2 5
Latency Constraint 12
0 5 5 5 2
1 2 2 2 2
2 8 8 8 2
3 11 11 11 6
4 12 12 12 6
5 1 1 1 2
6 9 9 9 2
7 4 4 4 2
8 12 12 12 0
9 1 1 1 0
10 2 2 2 5
Latency Constraint 12
0 5 5 5 2
1 2 2 2 2
2 8 8 8 2
3 11 11 11 6
4 12 12 12 6
5 1 1 1 2
6 9 9 9 2
7 4 4 4 2
8 12 12 12 0
9 1 1 1 0
10 2 2 2 5
Latency Constraint 12
0 5 5 5 2
1 2 2 2 2
2 8 8 8 2
3 11 11 11 6
4 12 12 12 6
5 1 1 1 2
6 9 9 9 2
7 4 4 4 2
8 12 12 12 0
9 1 1 1 0
10 2 2 2 5
Latency Constraint 12
0 5 5 5 2
1 2 2 2 2
2 8 8 8 2
3 11 11 11 6
4 12 12 12 6
5 1 1 1 2
6 9 9 9 2
7 4 4 4 2
8 12 12 12 0
9 1 1 1 0
10 2 2 2 5
Latency Constraint 12
0 5 5 5 2
1 2 2 2 2
2 8 8 8 2
3 11 11 11 6
4 12 12 12 6
5 1 1 1 2
6 9 9 9 2
7 4 4 4 2
8 12 12 12 0
9 1 1 1 0
10 2 2 2 5
Latency Constraint 12
0 5 5 5 2
1 2 2 2 2
2 8 8 8 2
3 11 11 11 6
4 12 12 12 6
5 1 1 1 2
6 9 9 9 2
7 4 4 4 2
8 12 12 12 0
9 1 1 1 0
10 2 2 2 5
Latency Constraint 12
0 1 1 1 2
1 1 1 1 2
2 4 4 4 2
3 7 7 7 6
4 12 12 12 6
5 6 6 6 2
6 9 9 9 2
7 9 9 9 2
8 12 12 12 0
9 1 1 1 0
10 2 2 2 5
Latency Constraint 12
0 1 1 1 2
1 1 1 1 2
2 4 4 4 2
3 7 7 7 6
4 12 12 12 6
5 6 6 6 2
6 9 9 9 2
7 9 9 9 2
8 12 12 12 0
9 1 1 1 0
10 2 2 2 5
