Latency Constraint 28
0 17 17 17 8
1 17 17 17 2
2 20 20 20 0
3 21 21 21 5
4 25 25 25 2
5 28 28 28 6
6 18 18 18 2
7 21 21 21 0
8 22 22 22 5
9 25 25 25 2
10 28 28 28 6
11 13 13 13 2
12 20 20 20 0
13 23 23 23 5
14 25 25 25 2
15 28 28 28 6
16 12 12 12 2
17 21 21 21 0
18 24 24 24 5
19 25 25 25 2
20 28 28 28 6
21 1 1 1 2
22 6 6 6 0
23 7 7 7 5
24 8 8 8 2
25 9 9 9 2
26 12 12 12 0
27 13 13 13 5
28 14 14 14 2
29 20 20 20 7
30 12 12 12 2
31 15 15 15 0
32 16 16 16 5
33 17 17 17 2
34 21 21 21 0
35 22 22 22 3
36 25 25 25 2
37 22 22 22 2
38 27 27 27 0
39 28 28 28 6
40 4 4 4 2
41 7 7 7 0
42 8 8 8 5
43 15 15 15 2
44 6 6 6 2
45 9 9 9 0
46 10 10 10 5
47 15 15 15 2
48 23 23 23 0
49 16 16 16 2
50 19 19 19 0
51 20 20 20 5
52 21 21 21 2
53 24 24 24 0
54 25 25 25 2
55 22 22 22 2
56 26 26 26 0
57 28 28 28 6
58 5 5 5 2
59 8 8 8 0
60 9 9 9 5
61 10 10 10 2
62 2 2 2 2
63 7 7 7 0
64 8 8 8 5
65 12 12 12 2
66 15 15 15 0
67 7 7 7 2
68 11 11 11 0
69 12 12 12 5
70 13 13 13 2
71 16 16 16 0
72 20 20 20 3
73 25 25 25 2
74 22 22 22 2
75 27 27 27 0
76 28 28 28 6
77 13 13 13 2
78 18 18 18 0
79 19 19 19 5
80 20 20 20 2
81 13 13 13 2
82 18 18 18 0
83 19 19 19 5
84 20 20 20 2
85 23 23 23 7
86 16 16 16 2
87 19 19 19 0
88 20 20 20 5
89 21 21 21 2
90 24 24 24 0
91 25 25 25 2
92 22 22 22 2
93 25 25 25 0
94 28 28 28 6
95 1 1 1 2
96 5 5 5 0
97 6 6 6 5
98 1 1 1 2
99 5 5 5 0
100 6 6 6 5
101 7 7 7 2
102 1 1 1 2
103 5 5 5 0
104 6 6 6 5
105 1 1 1 2
106 5 5 5 0
107 6 6 6 5
108 7 7 7 2
109 10 10 10 7
110 1 1 1 2
111 4 4 4 0
112 5 5 5 5
113 1 1 1 2
114 4 4 4 0
115 5 5 5 5
116 6 6 6 2
117 1 1 1 2
118 4 4 4 0
119 5 5 5 5
120 1 1 1 2
121 4 4 4 0
122 5 5 5 5
123 6 6 6 2
124 9 9 9 7
125 1 1 1 2
126 4 4 4 0
127 5 5 5 5
128 1 1 1 2
129 4 4 4 0
130 5 5 5 5
131 6 6 6 2
132 1 1 1 2
133 4 4 4 0
134 5 5 5 5
135 1 1 1 2
136 4 4 4 0
137 5 5 5 5
138 6 6 6 2
139 9 9 9 7
140 4 4 4 2
141 11 11 11 0
142 12 12 12 5
143 4 4 4 2
144 7 7 7 0
145 8 8 8 5
146 13 13 13 2
147 4 4 4 2
148 7 7 7 0
149 12 12 12 5
150 3 3 3 2
151 9 9 9 0
152 11 11 11 5
153 13 13 13 2
154 16 16 16 7
155 4 4 4 2
156 10 10 10 0
157 11 11 11 5
158 7 7 7 2
159 10 10 10 0
160 11 11 11 5
161 12 12 12 2
162 4 4 4 2
163 9 9 9 0
164 10 10 10 5
165 4 4 4 2
166 8 8 8 0
167 9 9 9 5
168 12 12 12 2
169 15 15 15 7
170 9 9 9 2
171 13 13 13 0
172 14 14 14 5
173 7 7 7 2
174 12 12 12 0
175 13 13 13 5
176 15 15 15 2
177 4 4 4 2
178 7 7 7 0
179 11 11 11 5
180 8 8 8 2
181 11 11 11 0
182 12 12 12 5
183 15 15 15 2
184 18 18 18 7
185 10 10 10 2
186 13 13 13 0
187 14 14 14 5
188 18 18 18 2
189 10 10 10 2
190 15 15 15 0
191 17 17 17 5
192 19 19 19 2
193 22 22 22 7
194 9 9 9 2
195 15 15 15 0
196 16 16 16 5
197 21 21 21 2
198 24 24 24 0
199 25 25 25 2
200 22 22 22 2
201 26 26 26 0
202 28 28 28 6
203 7 7 7 2
204 13 13 13 0
205 15 15 15 5
206 16 16 16 2
207 9 9 9 2
208 17 17 17 0
209 18 18 18 5
210 19 19 19 2
211 22 22 22 0
212 1 1 1 2
213 6 6 6 0
214 7 7 7 5
215 14 14 14 2
216 23 23 23 0
217 24 24 24 3
218 25 25 25 2
219 22 22 22 2
220 27 27 27 0
221 28 28 28 6
222 13 13 13 2
223 16 16 16 0
224 17 17 17 5
225 18 18 18 2
226 4 4 4 2
227 14 14 14 0
228 15 15 15 5
229 19 19 19 2
230 23 23 23 0
231 16 16 16 2
232 19 19 19 0
233 20 20 20 5
234 21 21 21 2
235 24 24 24 0
236 25 25 25 2
237 22 22 22 2
238 25 25 25 0
239 28 28 28 6
240 4 4 4 2
241 8 8 8 0
242 9 9 9 5
243 10 10 10 2
244 4 4 4 2
245 8 8 8 0
246 9 9 9 5
247 10 10 10 2
248 13 13 13 7
249 4 4 4 2
250 9 9 9 0
251 10 10 10 5
252 11 11 11 2
253 14 14 14 0
254 15 15 15 3
255 25 25 25 2
256 23 23 23 2
257 26 26 26 0
258 28 28 28 6
259 7 7 7 2
260 10 10 10 0
261 13 13 13 5
262 18 18 18 2
263 3 3 3 2
264 6 6 6 0
265 16 16 16 5
266 17 17 17 2
267 21 21 21 7
268 10 10 10 2
269 14 14 14 0
270 16 16 16 5
271 19 19 19 2
272 22 22 22 0
273 23 23 23 3
274 25 25 25 2
275 22 22 22 2
276 25 25 25 0
277 28 28 28 6
278 1 1 1 2
279 6 6 6 0
280 15 15 15 5
281 19 19 19 2
282 10 10 10 2
283 17 17 17 0
284 18 18 18 5
285 19 19 19 2
286 22 22 22 0
287 16 16 16 2
288 19 19 19 0
289 20 20 20 5
290 21 21 21 2
291 24 24 24 0
292 25 25 25 2
293 16 16 16 2
294 20 20 20 0
295 28 28 28 6
296 9 9 9 2
297 12 12 12 0
298 16 16 16 5
299 19 19 19 2
300 12 12 12 2
301 16 16 16 0
302 17 17 17 5
303 19 19 19 2
304 22 22 22 0
305 12 12 12 2
306 16 16 16 0
307 17 17 17 5
308 18 18 18 2
309 23 23 23 0
310 24 24 24 3
311 25 25 25 2
312 23 23 23 2
313 27 27 27 0
314 28 28 28 6
315 7 7 7 2
316 11 11 11 0
317 14 14 14 5
318 15 15 15 2
319 9 9 9 2
320 12 12 12 0
321 13 13 13 5
322 16 16 16 2
323 19 19 19 7
324 11 11 11 2
325 15 15 15 0
326 19 19 19 5
327 21 21 21 2
328 24 24 24 0
329 25 25 25 2
330 14 14 14 2
331 21 21 21 0
332 28 28 28 6
