Latency Constraint 26
0 3 3 3 0
1 4 4 4 2
2 9 9 9 0
3 17 17 17 5
4 1 1 1 0
5 7 7 7 2
6 10 10 10 0
7 11 11 11 5
8 7 7 7 0
9 10 10 10 2
10 13 13 13 0
11 14 14 14 5
12 5 5 5 0
13 9 9 9 2
14 14 14 14 0
15 21 21 21 5
16 1 1 1 2
17 4 4 4 0
18 18 18 18 5
19 19 19 19 2
20 1 1 1 2
21 4 4 4 0
22 5 5 5 5
23 16 16 16 2
24 23 23 23 0
25 1 1 1 2
26 19 19 19 0
27 20 20 20 5
28 21 21 21 2
29 24 24 24 0
30 12 12 12 2
31 15 15 15 0
32 16 16 16 5
33 22 22 22 2
34 25 25 25 0
35 2 2 2 0
36 4 4 4 2
37 8 8 8 0
38 26 26 26 6
39 1 1 1 2
40 5 5 5 0
41 15 15 15 5
42 18 18 18 2
43 4 4 4 2
44 8 8 8 0
45 9 9 9 5
46 13 13 13 2
47 21 21 21 0
48 15 15 15 2
49 18 18 18 0
50 19 19 19 5
51 21 21 21 2
52 24 24 24 0
53 6 6 6 2
54 9 9 9 0
55 10 10 10 5
56 22 22 22 2
57 25 25 25 0
58 2 2 2 0
59 16 16 16 2
60 20 20 20 0
61 26 26 26 6
62 9 9 9 2
63 12 12 12 0
64 13 13 13 5
65 18 18 18 2
66 13 13 13 2
67 16 16 16 0
68 17 17 17 5
69 18 18 18 2
70 21 21 21 0
71 4 4 4 2
72 7 7 7 0
73 8 8 8 5
74 15 15 15 2
75 22 22 22 0
76 10 10 10 2
77 13 13 13 0
78 15 15 15 5
79 22 22 22 2
80 25 25 25 0
81 1 1 1 0
82 5 5 5 2
83 17 17 17 0
84 26 26 26 6
85 1 1 1 2
86 6 6 6 0
87 7 7 7 5
88 19 19 19 2
89 12 12 12 2
90 15 15 15 0
91 16 16 16 5
92 19 19 19 2
93 22 22 22 0
94 7 7 7 2
95 11 11 11 0
96 12 12 12 5
97 15 15 15 2
98 24 24 24 0
99 7 7 7 2
100 10 10 10 0
101 11 11 11 5
102 22 22 22 2
103 25 25 25 0
104 6 6 6 0
105 12 12 12 2
106 16 16 16 0
107 26 26 26 6
108 26 26 26 0
Latency Constraint 19
0 3 3 3 0
1 4 4 4 2
2 10 10 10 0
3 11 11 11 5
4 1 1 1 0
5 2 2 2 2
6 5 5 5 0
7 6 6 6 5
8 3 3 3 0
9 4 4 4 2
10 8 8 8 0
11 9 9 9 5
12 1 1 1 0
13 4 4 4 2
14 13 13 13 0
15 14 14 14 5
16 5 5 5 2
17 8 8 8 0
18 11 11 11 5
19 12 12 12 2
20 1 1 1 2
21 11 11 11 0
22 12 12 12 5
23 13 13 13 2
24 16 16 16 0
25 1 1 1 2
26 4 4 4 0
27 7 7 7 5
28 10 10 10 2
29 17 17 17 0
30 9 9 9 2
31 12 12 12 0
32 13 13 13 5
33 15 15 15 2
34 18 18 18 0
35 13 13 13 0
36 15 15 15 2
37 18 18 18 0
38 19 19 19 6
39 1 1 1 2
40 7 7 7 0
41 9 9 9 5
42 12 12 12 2
43 4 4 4 2
44 7 7 7 0
45 8 8 8 5
46 9 9 9 2
47 15 15 15 0
48 1 1 1 2
49 6 6 6 0
50 8 8 8 5
51 10 10 10 2
52 17 17 17 0
53 1 1 1 2
54 4 4 4 0
55 5 5 5 5
56 15 15 15 2
57 18 18 18 0
58 1 1 1 0
59 6 6 6 2
60 14 14 14 0
61 19 19 19 6
62 7 7 7 2
63 10 10 10 0
64 11 11 11 5
65 12 12 12 2
66 1 1 1 2
67 5 5 5 0
68 6 6 6 5
69 7 7 7 2
70 15 15 15 0
71 8 8 8 2
72 11 11 11 0
73 12 12 12 5
74 14 14 14 2
75 17 17 17 0
76 6 6 6 2
77 9 9 9 0
78 10 10 10 5
79 15 15 15 2
80 18 18 18 0
81 2 2 2 0
82 9 9 9 2
83 14 14 14 0
84 19 19 19 6
85 3 3 3 2
86 6 6 6 0
87 7 7 7 5
88 12 12 12 2
89 4 4 4 2
90 9 9 9 0
91 10 10 10 5
92 11 11 11 2
93 15 15 15 0
94 7 7 7 2
95 11 11 11 0
96 12 12 12 5
97 13 13 13 2
98 16 16 16 0
99 9 9 9 2
100 12 12 12 0
101 14 14 14 5
102 15 15 15 2
103 18 18 18 0
104 2 2 2 0
105 7 7 7 2
106 10 10 10 0
107 19 19 19 6
108 19 19 19 0
Latency Constraint 19
0 3 3 3 0
1 7 7 7 2
2 10 10 10 0
3 11 11 11 5
4 1 1 1 0
5 4 4 4 2
6 7 7 7 0
7 8 8 8 5
8 1 1 1 0
9 9 9 9 2
10 12 12 12 0
11 13 13 13 5
12 2 2 2 0
13 10 10 10 2
14 13 13 13 0
15 14 14 14 5
16 1 1 1 2
17 4 4 4 0
18 5 5 5 5
19 12 12 12 2
20 1 1 1 2
21 4 4 4 0
22 10 10 10 5
23 11 11 11 2
24 15 15 15 0
25 7 7 7 2
26 12 12 12 0
27 13 13 13 5
28 14 14 14 2
29 17 17 17 0
30 1 1 1 2
31 5 5 5 0
32 14 14 14 5
33 15 15 15 2
34 18 18 18 0
35 2 2 2 0
36 8 8 8 2
37 14 14 14 0
38 19 19 19 6
39 1 1 1 2
40 4 4 4 0
41 6 6 6 5
42 12 12 12 2
43 1 1 1 2
44 5 5 5 0
45 7 7 7 5
46 9 9 9 2
47 15 15 15 0
48 7 7 7 2
49 10 10 10 0
50 12 12 12 5
51 14 14 14 2
52 17 17 17 0
53 1 1 1 2
54 9 9 9 0
55 12 12 12 5
56 15 15 15 2
57 18 18 18 0
58 6 6 6 0
59 7 7 7 2
60 14 14 14 0
61 19 19 19 6
62 4 4 4 2
63 8 8 8 0
64 9 9 9 5
65 12 12 12 2
66 4 4 4 2
67 7 7 7 0
68 9 9 9 5
69 10 10 10 2
70 16 16 16 0
71 1 1 1 2
72 6 6 6 0
73 8 8 8 5
74 14 14 14 2
75 17 17 17 0
76 10 10 10 2
77 13 13 13 0
78 14 14 14 5
79 15 15 15 2
80 18 18 18 0
81 1 1 1 0
82 4 4 4 2
83 13 13 13 0
84 19 19 19 6
85 5 5 5 2
86 8 8 8 0
87 9 9 9 5
88 12 12 12 2
89 3 3 3 2
90 9 9 9 0
91 10 10 10 5
92 11 11 11 2
93 16 16 16 0
94 8 8 8 2
95 11 11 11 0
96 13 13 13 5
97 14 14 14 2
98 17 17 17 0
99 4 4 4 2
100 8 8 8 0
101 11 11 11 5
102 15 15 15 2
103 18 18 18 0
104 3 3 3 0
105 6 6 6 2
106 11 11 11 0
107 19 19 19 6
108 19 19 19 0
Latency Constraint 19
0 3 3 3 0
1 7 7 7 2
2 10 10 10 0
3 11 11 11 5
4 1 1 1 0
5 4 4 4 2
6 7 7 7 0
7 8 8 8 5
8 1 1 1 0
9 9 9 9 2
10 12 12 12 0
11 13 13 13 5
12 2 2 2 0
13 10 10 10 2
14 13 13 13 0
15 14 14 14 5
16 1 1 1 2
17 4 4 4 0
18 5 5 5 5
19 12 12 12 2
20 1 1 1 2
21 4 4 4 0
22 10 10 10 5
23 11 11 11 2
24 15 15 15 0
25 7 7 7 2
26 12 12 12 0
27 13 13 13 5
28 14 14 14 2
29 17 17 17 0
30 1 1 1 2
31 5 5 5 0
32 14 14 14 5
33 15 15 15 2
34 18 18 18 0
35 2 2 2 0
36 8 8 8 2
37 14 14 14 0
38 19 19 19 6
39 1 1 1 2
40 4 4 4 0
41 6 6 6 5
42 12 12 12 2
43 1 1 1 2
44 5 5 5 0
45 7 7 7 5
46 9 9 9 2
47 15 15 15 0
48 7 7 7 2
49 10 10 10 0
50 12 12 12 5
51 14 14 14 2
52 17 17 17 0
53 1 1 1 2
54 9 9 9 0
55 12 12 12 5
56 15 15 15 2
57 18 18 18 0
58 6 6 6 0
59 7 7 7 2
60 14 14 14 0
61 19 19 19 6
62 4 4 4 2
63 8 8 8 0
64 9 9 9 5
65 12 12 12 2
66 4 4 4 2
67 7 7 7 0
68 9 9 9 5
69 10 10 10 2
70 16 16 16 0
71 1 1 1 2
72 6 6 6 0
73 8 8 8 5
74 14 14 14 2
75 17 17 17 0
76 10 10 10 2
77 13 13 13 0
78 14 14 14 5
79 15 15 15 2
80 18 18 18 0
81 1 1 1 0
82 4 4 4 2
83 13 13 13 0
84 19 19 19 6
85 5 5 5 2
86 8 8 8 0
87 9 9 9 5
88 12 12 12 2
89 3 3 3 2
90 9 9 9 0
91 10 10 10 5
92 11 11 11 2
93 16 16 16 0
94 8 8 8 2
95 11 11 11 0
96 13 13 13 5
97 14 14 14 2
98 17 17 17 0
99 4 4 4 2
100 8 8 8 0
101 11 11 11 5
102 15 15 15 2
103 18 18 18 0
104 3 3 3 0
105 6 6 6 2
106 11 11 11 0
107 19 19 19 6
108 19 19 19 0
Latency Constraint 19
0 3 3 3 0
1 7 7 7 2
2 10 10 10 0
3 11 11 11 5
4 1 1 1 0
5 4 4 4 2
6 7 7 7 0
7 8 8 8 5
8 1 1 1 0
9 9 9 9 2
10 12 12 12 0
11 13 13 13 5
12 2 2 2 0
13 10 10 10 2
14 13 13 13 0
15 14 14 14 5
16 1 1 1 2
17 4 4 4 0
18 5 5 5 5
19 12 12 12 2
20 1 1 1 2
21 4 4 4 0
22 10 10 10 5
23 11 11 11 2
24 15 15 15 0
25 7 7 7 2
26 12 12 12 0
27 13 13 13 5
28 14 14 14 2
29 17 17 17 0
30 1 1 1 2
31 5 5 5 0
32 14 14 14 5
33 15 15 15 2
34 18 18 18 0
35 2 2 2 0
36 8 8 8 2
37 14 14 14 0
38 19 19 19 6
39 1 1 1 2
40 4 4 4 0
41 6 6 6 5
42 12 12 12 2
43 1 1 1 2
44 5 5 5 0
45 7 7 7 5
46 9 9 9 2
47 15 15 15 0
48 7 7 7 2
49 10 10 10 0
50 12 12 12 5
51 14 14 14 2
52 17 17 17 0
53 1 1 1 2
54 9 9 9 0
55 12 12 12 5
56 15 15 15 2
57 18 18 18 0
58 6 6 6 0
59 7 7 7 2
60 14 14 14 0
61 19 19 19 6
62 4 4 4 2
63 8 8 8 0
64 9 9 9 5
65 12 12 12 2
66 4 4 4 2
67 7 7 7 0
68 9 9 9 5
69 10 10 10 2
70 16 16 16 0
71 1 1 1 2
72 6 6 6 0
73 8 8 8 5
74 14 14 14 2
75 17 17 17 0
76 10 10 10 2
77 13 13 13 0
78 14 14 14 5
79 15 15 15 2
80 18 18 18 0
81 1 1 1 0
82 4 4 4 2
83 13 13 13 0
84 19 19 19 6
85 5 5 5 2
86 8 8 8 0
87 9 9 9 5
88 12 12 12 2
89 3 3 3 2
90 9 9 9 0
91 10 10 10 5
92 11 11 11 2
93 16 16 16 0
94 8 8 8 2
95 11 11 11 0
96 13 13 13 5
97 14 14 14 2
98 17 17 17 0
99 4 4 4 2
100 8 8 8 0
101 11 11 11 5
102 15 15 15 2
103 18 18 18 0
104 3 3 3 0
105 6 6 6 2
106 11 11 11 0
107 19 19 19 6
108 19 19 19 0
