Latency Constraint 12
0 1 1 1 2
1 1650551899 1 5 2
2 8 8 8 2
3 11 11 11 6
4 12 12 12 6
5 9 9 9 2
Latency Constraint 12
0 1 1 1 2
1 1650551899 1 5 2
2 8 8 8 2
3 11 11 11 6
4 12 12 12 6
5 9 9 9 2
Latency Constraint 12
0 1 1 1 2
1 1650551899 1 5 2
2 8 8 8 2
3 11 11 11 6
4 12 12 12 6
5 9 9 9 2
Latency Constraint 12
0 1 1 1 2
1 1650551899 1 5 2
2 8 8 8 2
3 11 11 11 6
4 12 12 12 6
5 9 9 9 2
Latency Constraint 12
0 1 1 1 2
1 1650551899 1 5 2
2 8 8 8 2
3 11 11 11 6
4 12 12 12 6
5 9 9 9 2
Latency Constraint 12
0 1 1 1 2
1 1650551899 1 5 2
2 8 8 8 2
3 11 11 11 6
4 12 12 12 6
5 9 9 9 2
Latency Constraint 12
0 1 1 1 2
1 1650551899 1 5 2
2 8 8 8 2
3 11 11 11 6
4 12 12 12 6
5 9 9 9 2
Latency Constraint 12
0 1 1 1 2
1 1650551899 1 5 2
2 8 8 8 2
3 11 11 11 6
4 12 12 12 6
5 9 9 9 2
Latency Constraint 12
0 1 1 1 2
1 1650551899 1 5 2
2 8 8 8 2
3 11 11 11 6
4 12 12 12 6
5 9 9 9 2
Latency Constraint 12
0 1 1 1 2
1 1650551899 1 5 2
2 8 8 8 2
3 11 11 11 6
4 12 12 12 6
5 9 9 9 2
Latency Constraint 12
0 1 1 1 2
1 5 5 5 2
2 8 8 8 2
3 11 11 11 6
4 12 12 12 6
5 9 9 9 2
Latency Constraint 12
0 1 1 1 2
1 5 5 5 2
2 8 8 8 2
3 11 11 11 6
4 12 12 12 6
5 9 9 9 2
