LC 36
0 4
1 5
2 7
3 8
4 9
5 13
6 1
7 1
8 3
9 4
10 5
11 6
12 2
13 1
14 1
15 4
16 5
17 6
18 7
19 15
20 19
21 20
22 14
23 7
24 17
25 23
26 26
27 29
28 23
29 9
30 26
31 32
32 33
33 26
34 11
35 6
36 25
37 29
38 30
39 17
40 8
41 13
42 17
43 20
44 22
45 31
46 32
47 35
48 32
49 29
50 8
51 34
52 35
53 36
54 10
55 4
56 2
57 16
58 18
59 20
60 13
61 20
62 10
63 23
64 24
65 25
66 21
67 18
68 14
69 23
70 24
71 25
72 26
73 27
74 31
75 13
76 26
77 12
78 30
79 31
80 32
81 23
82 7
83 1
84 20
85 26
86 27
87 10
88 12
89 11
90 15
91 16
92 17
93 19
94 7
95 15
96 21
97 22
98 23
99 24
100 30
101 33
102 16
103 24
104 6
105 27
106 28
107 34
