LC 13
0 1
1 2
2 5
3 6
4 1
5 2
6 5
7 6
8 2
9 3
10 6
11 7
12 3
13 4
14 7
15 8
16 1
17 4
18 5
19 7
20 1
21 4
22 5
23 7
24 10
25 1
26 6
27 7
28 8
29 11
30 4
31 7
32 8
33 9
34 12
35 2
36 5
37 9
38 13
39 1
40 4
41 5
42 7
43 1
44 5
45 6
46 7
47 10
48 3
49 6
50 7
51 8
52 11
53 4
54 7
55 8
56 9
57 12
58 3
59 5
60 8
61 13
62 1
63 4
64 5
65 7
66 1
67 5
68 6
69 7
70 10
71 1
72 6
73 7
74 8
75 11
76 4
77 7
78 8
79 9
80 12
81 3
82 5
83 9
84 13
85 1
86 4
87 6
88 7
89 1
90 5
91 6
92 7
93 10
94 3
95 6
96 7
97 8
98 11
99 4
100 7
101 8
102 9
103 12
104 8
105 9
106 12
107 13
108 13
