LC 10
0 1
1 4
2 1
3 2
4 1
5 2
6 3
7 6
8 1
9 2
10 4
11 5
12 8
13 7
14 9
15 7
16 9
17 8
18 10
19 8
20 9
21 9
22 10
23 7
24 8
25 8
26 9
27 5
28 5
29 6
30 5
31 6
32 6
33 7
34 6
35 7
36 7
37 8
38 5
39 6
40 9
41 10
42 2
43 3
44 3
45 4
46 2
47 3
48 4
49 3
50 5
51 6
52 7
53 8
54 9
55 4
56 10
57 2
58 3
59 4
60 5
61 5
62 7
63 4
64 5
65 6
66 7
67 6
68 8
69 7
70 8
71 9
72 9
73 10
74 5
75 6
76 7
77 8
78 8
79 9
80 2
81 4
82 5
83 7
84 7
85 8
86 3
87 4
88 5
89 6
90 6
91 7
92 5
93 6
94 1
95 2
96 1
97 2
98 3
99 1
100 2
101 3
102 4
103 1
104 2
105 3
